datapoints	percentage	call	xmin	xmax	xmean	bmin	bmax	bmean
1000	14.60	xtal-xtal	5.09	15.62	7.61	-18.66	-9.00	-10.91
1000	49.60	bio-bio	5.09	15.62	7.61	-18.66	-9.00	-10.91
1000	35.40	xtal-bio	5.09	15.62	7.61	-18.66	-9.00	-10.91
1000	0.40	bio-xtal	5.09	15.62	7.61	-18.66	-9.00	-10.91
1000	64.20	same	5.09	15.62	7.61	-18.66	-9.00	-10.91
1000	35.80	different	5.09	15.62	7.61	-18.66	-9.00	-10.91
2000	22.40	xtal-xtal	3.23	15.62	5.76	-18.66	-7.66	-9.59
2000	49.05	bio-bio	3.23	15.62	5.76	-18.66	-7.66	-9.59
2000	27.60	xtal-bio	3.23	15.62	5.76	-18.66	-7.66	-9.59
2000	0.95	bio-xtal	3.23	15.62	5.76	-18.66	-7.66	-9.59
2000	71.45	same	3.23	15.62	5.76	-18.66	-7.66	-9.59
2000	28.55	different	3.23	15.62	5.76	-18.66	-7.66	-9.59
3000	28.47	xtal-xtal	2.76	15.62	4.83	-18.66	-6.97	-8.82
3000	49.07	bio-bio	2.76	15.62	4.83	-18.66	-6.97	-8.82
3000	21.53	xtal-bio	2.76	15.62	4.83	-18.66	-6.97	-8.82
3000	0.93	bio-xtal	2.76	15.62	4.83	-18.66	-6.97	-8.82
3000	77.53	same	2.76	15.62	4.83	-18.66	-6.97	-8.82
3000	22.47	different	2.76	15.62	4.83	-18.66	-6.97	-8.82
4000	31.97	xtal-xtal	2.49	15.62	4.28	-18.66	-6.49	-8.30
4000	49.05	bio-bio	2.49	15.62	4.28	-18.66	-6.49	-8.30
4000	18.02	xtal-bio	2.49	15.62	4.28	-18.66	-6.49	-8.30
4000	0.95	bio-xtal	2.49	15.62	4.28	-18.66	-6.49	-8.30
4000	81.03	same	2.49	15.62	4.28	-18.66	-6.49	-8.30
4000	18.98	different	2.49	15.62	4.28	-18.66	-6.49	-8.30
5000	33.92	xtal-xtal	2.28	15.62	3.90	-18.66	-6.05	-7.89
5000	49.04	bio-bio	2.28	15.62	3.90	-18.66	-6.05	-7.89
5000	16.08	xtal-bio	2.28	15.62	3.90	-18.66	-6.05	-7.89
5000	0.96	bio-xtal	2.28	15.62	3.90	-18.66	-6.05	-7.89
5000	82.96	same	2.28	15.62	3.90	-18.66	-6.05	-7.89
5000	17.04	different	2.28	15.62	3.90	-18.66	-6.05	-7.89
6000	35.28	xtal-xtal	2.12	15.62	3.61	-18.66	-5.74	-7.56
6000	48.97	bio-bio	2.12	15.62	3.61	-18.66	-5.74	-7.56
6000	14.72	xtal-bio	2.12	15.62	3.61	-18.66	-5.74	-7.56
6000	1.03	bio-xtal	2.12	15.62	3.61	-18.66	-5.74	-7.56
6000	84.25	same	2.12	15.62	3.61	-18.66	-5.74	-7.56
6000	15.75	different	2.12	15.62	3.61	-18.66	-5.74	-7.56
7000	36.41	xtal-xtal	1.99	15.62	3.39	-18.66	-5.48	-7.28
7000	48.84	bio-bio	1.99	15.62	3.39	-18.66	-5.48	-7.28
7000	13.59	xtal-bio	1.99	15.62	3.39	-18.66	-5.48	-7.28
7000	1.16	bio-xtal	1.99	15.62	3.39	-18.66	-5.48	-7.28
7000	85.26	same	1.99	15.62	3.39	-18.66	-5.48	-7.28
7000	14.74	different	1.99	15.62	3.39	-18.66	-5.48	-7.28
8000	37.24	xtal-xtal	1.88	15.62	3.21	-18.66	-5.25	-7.04
8000	48.79	bio-bio	1.88	15.62	3.21	-18.66	-5.25	-7.04
8000	12.76	xtal-bio	1.88	15.62	3.21	-18.66	-5.25	-7.04
8000	1.21	bio-xtal	1.88	15.62	3.21	-18.66	-5.25	-7.04
8000	86.02	same	1.88	15.62	3.21	-18.66	-5.25	-7.04
8000	13.98	different	1.88	15.62	3.21	-18.66	-5.25	-7.04
9000	37.87	xtal-xtal	1.76	15.62	3.05	-18.66	-5.04	-6.83
9000	48.62	bio-bio	1.76	15.62	3.05	-18.66	-5.04	-6.83
9000	12.13	xtal-bio	1.76	15.62	3.05	-18.66	-5.04	-6.83
9000	1.38	bio-xtal	1.76	15.62	3.05	-18.66	-5.04	-6.83
9000	86.49	same	1.76	15.62	3.05	-18.66	-5.04	-6.83
9000	13.51	different	1.76	15.62	3.05	-18.66	-5.04	-6.83
10000	38.42	xtal-xtal	1.65	15.62	2.92	-18.66	-4.88	-6.64
10000	48.59	bio-bio	1.65	15.62	2.92	-18.66	-4.88	-6.64
10000	11.58	xtal-bio	1.65	15.62	2.92	-18.66	-4.88	-6.64
10000	1.41	bio-xtal	1.65	15.62	2.92	-18.66	-4.88	-6.64
10000	87.01	same	1.65	15.62	2.92	-18.66	-4.88	-6.64
10000	12.99	different	1.65	15.62	2.92	-18.66	-4.88	-6.64
11000	38.75	xtal-xtal	1.55	15.62	2.80	-18.66	-4.73	-6.48
11000	48.55	bio-bio	1.55	15.62	2.80	-18.66	-4.73	-6.48
11000	11.25	xtal-bio	1.55	15.62	2.80	-18.66	-4.73	-6.48
11000	1.45	bio-xtal	1.55	15.62	2.80	-18.66	-4.73	-6.48
11000	87.30	same	1.55	15.62	2.80	-18.66	-4.73	-6.48
11000	12.70	different	1.55	15.62	2.80	-18.66	-4.73	-6.48
12000	39.06	xtal-xtal	1.46	15.62	2.69	-18.66	-4.60	-6.32
12000	48.53	bio-bio	1.46	15.62	2.69	-18.66	-4.60	-6.32
12000	10.94	xtal-bio	1.46	15.62	2.69	-18.66	-4.60	-6.32
12000	1.47	bio-xtal	1.46	15.62	2.69	-18.66	-4.60	-6.32
12000	87.59	same	1.46	15.62	2.69	-18.66	-4.60	-6.32
12000	12.41	different	1.46	15.62	2.69	-18.66	-4.60	-6.32
13000	39.45	xtal-xtal	1.38	15.62	2.59	-18.66	-4.48	-6.19
13000	48.51	bio-bio	1.38	15.62	2.59	-18.66	-4.48	-6.19
13000	10.55	xtal-bio	1.38	15.62	2.59	-18.66	-4.48	-6.19
13000	1.49	bio-xtal	1.38	15.62	2.59	-18.66	-4.48	-6.19
13000	87.96	same	1.38	15.62	2.59	-18.66	-4.48	-6.19
13000	12.04	different	1.38	15.62	2.59	-18.66	-4.48	-6.19
14000	39.80	xtal-xtal	1.31	15.62	2.50	-18.66	-4.36	-6.06
14000	48.51	bio-bio	1.31	15.62	2.50	-18.66	-4.36	-6.06
14000	10.20	xtal-bio	1.31	15.62	2.50	-18.66	-4.36	-6.06
14000	1.49	bio-xtal	1.31	15.62	2.50	-18.66	-4.36	-6.06
14000	88.31	same	1.31	15.62	2.50	-18.66	-4.36	-6.06
14000	11.69	different	1.31	15.62	2.50	-18.66	-4.36	-6.06
15000	40.01	xtal-xtal	1.24	15.62	2.42	-18.66	-4.26	-5.94
15000	48.47	bio-bio	1.24	15.62	2.42	-18.66	-4.26	-5.94
15000	9.99	xtal-bio	1.24	15.62	2.42	-18.66	-4.26	-5.94
15000	1.53	bio-xtal	1.24	15.62	2.42	-18.66	-4.26	-5.94
15000	88.49	same	1.24	15.62	2.42	-18.66	-4.26	-5.94
15000	11.51	different	1.24	15.62	2.42	-18.66	-4.26	-5.94
16000	40.05	xtal-xtal	1.17	15.62	2.35	-18.66	-4.16	-5.84
16000	48.48	bio-bio	1.17	15.62	2.35	-18.66	-4.16	-5.84
16000	9.95	xtal-bio	1.17	15.62	2.35	-18.66	-4.16	-5.84
16000	1.52	bio-xtal	1.17	15.62	2.35	-18.66	-4.16	-5.84
16000	88.53	same	1.17	15.62	2.35	-18.66	-4.16	-5.84
16000	11.47	different	1.17	15.62	2.35	-18.66	-4.16	-5.84
17000	40.18	xtal-xtal	1.11	15.62	2.27	-18.66	-4.07	-5.73
17000	48.41	bio-bio	1.11	15.62	2.27	-18.66	-4.07	-5.73
17000	9.82	xtal-bio	1.11	15.62	2.27	-18.66	-4.07	-5.73
17000	1.59	bio-xtal	1.11	15.62	2.27	-18.66	-4.07	-5.73
17000	88.59	same	1.11	15.62	2.27	-18.66	-4.07	-5.73
17000	11.41	different	1.11	15.62	2.27	-18.66	-4.07	-5.73
18000	40.24	xtal-xtal	1.05	15.62	2.21	-18.66	-3.99	-5.64
18000	48.39	bio-bio	1.05	15.62	2.21	-18.66	-3.99	-5.64
18000	9.76	xtal-bio	1.05	15.62	2.21	-18.66	-3.99	-5.64
18000	1.61	bio-xtal	1.05	15.62	2.21	-18.66	-3.99	-5.64
18000	88.64	same	1.05	15.62	2.21	-18.66	-3.99	-5.64
18000	11.36	different	1.05	15.62	2.21	-18.66	-3.99	-5.64
19000	40.21	xtal-xtal	1.00	15.62	2.15	-18.66	-3.92	-5.55
19000	48.34	bio-bio	1.00	15.62	2.15	-18.66	-3.92	-5.55
19000	9.79	xtal-bio	1.00	15.62	2.15	-18.66	-3.92	-5.55
19000	1.66	bio-xtal	1.00	15.62	2.15	-18.66	-3.92	-5.55
19000	88.55	same	1.00	15.62	2.15	-18.66	-3.92	-5.55
19000	11.45	different	1.00	15.62	2.15	-18.66	-3.92	-5.55
20000	40.30	xtal-xtal	0.95	15.62	2.09	-18.66	-3.84	-5.47
20000	48.28	bio-bio	0.95	15.62	2.09	-18.66	-3.84	-5.47
20000	9.70	xtal-bio	0.95	15.62	2.09	-18.66	-3.84	-5.47
20000	1.71	bio-xtal	0.95	15.62	2.09	-18.66	-3.84	-5.47
20000	88.59	same	0.95	15.62	2.09	-18.66	-3.84	-5.47
20000	11.42	different	0.95	15.62	2.09	-18.66	-3.84	-5.47
21000	40.27	xtal-xtal	0.90	15.62	2.03	-18.66	-3.78	-5.39
21000	48.29	bio-bio	0.90	15.62	2.03	-18.66	-3.78	-5.39
21000	9.73	xtal-bio	0.90	15.62	2.03	-18.66	-3.78	-5.39
21000	1.71	bio-xtal	0.90	15.62	2.03	-18.66	-3.78	-5.39
21000	88.56	same	0.90	15.62	2.03	-18.66	-3.78	-5.39
21000	11.44	different	0.90	15.62	2.03	-18.66	-3.78	-5.39
22000	40.36	xtal-xtal	0.85	15.62	1.98	-18.66	-3.73	-5.31
22000	48.17	bio-bio	0.85	15.62	1.98	-18.66	-3.73	-5.31
22000	9.64	xtal-bio	0.85	15.62	1.98	-18.66	-3.73	-5.31
22000	1.83	bio-xtal	0.85	15.62	1.98	-18.66	-3.73	-5.31
22000	88.53	same	0.85	15.62	1.98	-18.66	-3.73	-5.31
22000	11.47	different	0.85	15.62	1.98	-18.66	-3.73	-5.31
23000	40.43	xtal-xtal	0.80	15.62	1.93	-18.66	-3.67	-5.24
23000	48.15	bio-bio	0.80	15.62	1.93	-18.66	-3.67	-5.24
23000	9.57	xtal-bio	0.80	15.62	1.93	-18.66	-3.67	-5.24
23000	1.85	bio-xtal	0.80	15.62	1.93	-18.66	-3.67	-5.24
23000	88.59	same	0.80	15.62	1.93	-18.66	-3.67	-5.24
23000	11.41	different	0.80	15.62	1.93	-18.66	-3.67	-5.24
24000	40.45	xtal-xtal	0.75	15.62	1.88	-18.66	-3.61	-5.18
24000	48.14	bio-bio	0.75	15.62	1.88	-18.66	-3.61	-5.18
24000	9.55	xtal-bio	0.75	15.62	1.88	-18.66	-3.61	-5.18
24000	1.86	bio-xtal	0.75	15.62	1.88	-18.66	-3.61	-5.18
24000	88.59	same	0.75	15.62	1.88	-18.66	-3.61	-5.18
24000	11.41	different	0.75	15.62	1.88	-18.66	-3.61	-5.18
25000	40.45	xtal-xtal	0.70	15.62	1.83	-18.66	-3.55	-5.11
25000	48.08	bio-bio	0.70	15.62	1.83	-18.66	-3.55	-5.11
25000	9.55	xtal-bio	0.70	15.62	1.83	-18.66	-3.55	-5.11
25000	1.92	bio-xtal	0.70	15.62	1.83	-18.66	-3.55	-5.11
25000	88.53	same	0.70	15.62	1.83	-18.66	-3.55	-5.11
25000	11.47	different	0.70	15.62	1.83	-18.66	-3.55	-5.11
26000	40.48	xtal-xtal	0.65	15.62	1.79	-18.66	-3.50	-5.05
26000	48.04	bio-bio	0.65	15.62	1.79	-18.66	-3.50	-5.05
26000	9.52	xtal-bio	0.65	15.62	1.79	-18.66	-3.50	-5.05
26000	1.96	bio-xtal	0.65	15.62	1.79	-18.66	-3.50	-5.05
26000	88.52	same	0.65	15.62	1.79	-18.66	-3.50	-5.05
26000	11.48	different	0.65	15.62	1.79	-18.66	-3.50	-5.05
27000	40.52	xtal-xtal	0.61	15.62	1.75	-18.66	-3.45	-4.99
27000	48.01	bio-bio	0.61	15.62	1.75	-18.66	-3.45	-4.99
27000	9.48	xtal-bio	0.61	15.62	1.75	-18.66	-3.45	-4.99
27000	1.99	bio-xtal	0.61	15.62	1.75	-18.66	-3.45	-4.99
27000	88.53	same	0.61	15.62	1.75	-18.66	-3.45	-4.99
27000	11.47	different	0.61	15.62	1.75	-18.66	-3.45	-4.99
28000	40.59	xtal-xtal	0.57	15.62	1.71	-18.66	-3.40	-4.94
28000	47.94	bio-bio	0.57	15.62	1.71	-18.66	-3.40	-4.94
28000	9.41	xtal-bio	0.57	15.62	1.71	-18.66	-3.40	-4.94
28000	2.06	bio-xtal	0.57	15.62	1.71	-18.66	-3.40	-4.94
28000	88.54	same	0.57	15.62	1.71	-18.66	-3.40	-4.94
28000	11.46	different	0.57	15.62	1.71	-18.66	-3.40	-4.94
29000	40.66	xtal-xtal	0.53	15.62	1.67	-18.66	-3.34	-4.88
29000	47.89	bio-bio	0.53	15.62	1.67	-18.66	-3.34	-4.88
29000	9.34	xtal-bio	0.53	15.62	1.67	-18.66	-3.34	-4.88
29000	2.11	bio-xtal	0.53	15.62	1.67	-18.66	-3.34	-4.88
29000	88.54	same	0.53	15.62	1.67	-18.66	-3.34	-4.88
29000	11.46	different	0.53	15.62	1.67	-18.66	-3.34	-4.88
30000	40.64	xtal-xtal	0.49	15.62	1.63	-18.66	-3.30	-4.83
30000	47.84	bio-bio	0.49	15.62	1.63	-18.66	-3.30	-4.83
30000	9.36	xtal-bio	0.49	15.62	1.63	-18.66	-3.30	-4.83
30000	2.16	bio-xtal	0.49	15.62	1.63	-18.66	-3.30	-4.83
30000	88.48	same	0.49	15.62	1.63	-18.66	-3.30	-4.83
30000	11.52	different	0.49	15.62	1.63	-18.66	-3.30	-4.83
31000	40.59	xtal-xtal	0.45	15.62	1.59	-18.66	-3.25	-4.78
31000	47.76	bio-bio	0.45	15.62	1.59	-18.66	-3.25	-4.78
31000	9.41	xtal-bio	0.45	15.62	1.59	-18.66	-3.25	-4.78
31000	2.24	bio-xtal	0.45	15.62	1.59	-18.66	-3.25	-4.78
31000	88.35	same	0.45	15.62	1.59	-18.66	-3.25	-4.78
31000	11.65	different	0.45	15.62	1.59	-18.66	-3.25	-4.78
32000	40.47	xtal-xtal	0.41	15.62	1.55	-18.66	-3.20	-4.73
32000	47.72	bio-bio	0.41	15.62	1.55	-18.66	-3.20	-4.73
32000	9.53	xtal-bio	0.41	15.62	1.55	-18.66	-3.20	-4.73
32000	2.28	bio-xtal	0.41	15.62	1.55	-18.66	-3.20	-4.73
32000	88.19	same	0.41	15.62	1.55	-18.66	-3.20	-4.73
32000	11.81	different	0.41	15.62	1.55	-18.66	-3.20	-4.73
33000	40.44	xtal-xtal	0.36	15.62	1.52	-18.66	-3.16	-4.69
33000	47.64	bio-bio	0.36	15.62	1.52	-18.66	-3.16	-4.69
33000	9.56	xtal-bio	0.36	15.62	1.52	-18.66	-3.16	-4.69
33000	2.36	bio-xtal	0.36	15.62	1.52	-18.66	-3.16	-4.69
33000	88.08	same	0.36	15.62	1.52	-18.66	-3.16	-4.69
33000	11.92	different	0.36	15.62	1.52	-18.66	-3.16	-4.69
34000	40.43	xtal-xtal	0.32	15.62	1.48	-18.66	-3.11	-4.64
34000	47.55	bio-bio	0.32	15.62	1.48	-18.66	-3.11	-4.64
34000	9.57	xtal-bio	0.32	15.62	1.48	-18.66	-3.11	-4.64
34000	2.45	bio-xtal	0.32	15.62	1.48	-18.66	-3.11	-4.64
34000	87.98	same	0.32	15.62	1.48	-18.66	-3.11	-4.64
34000	12.02	different	0.32	15.62	1.48	-18.66	-3.11	-4.64
35000	40.43	xtal-xtal	0.28	15.62	1.45	-18.66	-3.07	-4.60
35000	47.48	bio-bio	0.28	15.62	1.45	-18.66	-3.07	-4.60
35000	9.57	xtal-bio	0.28	15.62	1.45	-18.66	-3.07	-4.60
35000	2.52	bio-xtal	0.28	15.62	1.45	-18.66	-3.07	-4.60
35000	87.91	same	0.28	15.62	1.45	-18.66	-3.07	-4.60
35000	12.09	different	0.28	15.62	1.45	-18.66	-3.07	-4.60
36000	40.37	xtal-xtal	0.25	15.62	1.42	-18.66	-3.02	-4.55
36000	47.41	bio-bio	0.25	15.62	1.42	-18.66	-3.02	-4.55
36000	9.63	xtal-bio	0.25	15.62	1.42	-18.66	-3.02	-4.55
36000	2.59	bio-xtal	0.25	15.62	1.42	-18.66	-3.02	-4.55
36000	87.79	same	0.25	15.62	1.42	-18.66	-3.02	-4.55
36000	12.21	different	0.25	15.62	1.42	-18.66	-3.02	-4.55
37000	40.32	xtal-xtal	0.21	15.62	1.38	-18.66	-2.98	-4.51
37000	47.36	bio-bio	0.21	15.62	1.38	-18.66	-2.98	-4.51
37000	9.68	xtal-bio	0.21	15.62	1.38	-18.66	-2.98	-4.51
37000	2.64	bio-xtal	0.21	15.62	1.38	-18.66	-2.98	-4.51
37000	87.68	same	0.21	15.62	1.38	-18.66	-2.98	-4.51
37000	12.32	different	0.21	15.62	1.38	-18.66	-2.98	-4.51
38000	40.23	xtal-xtal	0.18	15.62	1.35	-18.66	-2.94	-4.47
38000	47.33	bio-bio	0.18	15.62	1.35	-18.66	-2.94	-4.47
38000	9.77	xtal-bio	0.18	15.62	1.35	-18.66	-2.94	-4.47
38000	2.67	bio-xtal	0.18	15.62	1.35	-18.66	-2.94	-4.47
38000	87.57	same	0.18	15.62	1.35	-18.66	-2.94	-4.47
38000	12.43	different	0.18	15.62	1.35	-18.66	-2.94	-4.47
39000	40.14	xtal-xtal	0.14	15.62	1.32	-18.66	-2.91	-4.43
39000	47.30	bio-bio	0.14	15.62	1.32	-18.66	-2.91	-4.43
39000	9.86	xtal-bio	0.14	15.62	1.32	-18.66	-2.91	-4.43
39000	2.70	bio-xtal	0.14	15.62	1.32	-18.66	-2.91	-4.43
39000	87.45	same	0.14	15.62	1.32	-18.66	-2.91	-4.43
39000	12.55	different	0.14	15.62	1.32	-18.66	-2.91	-4.43
40000	40.10	xtal-xtal	0.10	15.62	1.29	-18.66	-2.87	-4.39
40000	47.25	bio-bio	0.10	15.62	1.29	-18.66	-2.87	-4.39
40000	9.90	xtal-bio	0.10	15.62	1.29	-18.66	-2.87	-4.39
40000	2.75	bio-xtal	0.10	15.62	1.29	-18.66	-2.87	-4.39
40000	87.35	same	0.10	15.62	1.29	-18.66	-2.87	-4.39
40000	12.65	different	0.10	15.62	1.29	-18.66	-2.87	-4.39
41000	40.00	xtal-xtal	0.07	15.62	1.26	-18.66	-2.83	-4.35
41000	47.23	bio-bio	0.07	15.62	1.26	-18.66	-2.83	-4.35
41000	10.00	xtal-bio	0.07	15.62	1.26	-18.66	-2.83	-4.35
41000	2.77	bio-xtal	0.07	15.62	1.26	-18.66	-2.83	-4.35
41000	87.22	same	0.07	15.62	1.26	-18.66	-2.83	-4.35
41000	12.78	different	0.07	15.62	1.26	-18.66	-2.83	-4.35
42000	39.91	xtal-xtal	0.03	15.62	1.23	-18.66	-2.80	-4.32
42000	47.20	bio-bio	0.03	15.62	1.23	-18.66	-2.80	-4.32
42000	10.09	xtal-bio	0.03	15.62	1.23	-18.66	-2.80	-4.32
42000	2.80	bio-xtal	0.03	15.62	1.23	-18.66	-2.80	-4.32
42000	87.11	same	0.03	15.62	1.23	-18.66	-2.80	-4.32
42000	12.89	different	0.03	15.62	1.23	-18.66	-2.80	-4.32
43000	39.80	xtal-xtal	0.00	15.62	1.21	-18.66	-2.77	-4.28
43000	47.15	bio-bio	0.00	15.62	1.21	-18.66	-2.77	-4.28
43000	10.20	xtal-bio	0.00	15.62	1.21	-18.66	-2.77	-4.28
43000	2.85	bio-xtal	0.00	15.62	1.21	-18.66	-2.77	-4.28
43000	86.95	same	0.00	15.62	1.21	-18.66	-2.77	-4.28
43000	13.05	different	0.00	15.62	1.21	-18.66	-2.77	-4.28
44000	39.74	xtal-xtal	-0.03	15.62	1.18	-18.66	-2.73	-4.25
44000	47.11	bio-bio	-0.03	15.62	1.18	-18.66	-2.73	-4.25
44000	10.26	xtal-bio	-0.03	15.62	1.18	-18.66	-2.73	-4.25
44000	2.89	bio-xtal	-0.03	15.62	1.18	-18.66	-2.73	-4.25
44000	86.85	same	-0.03	15.62	1.18	-18.66	-2.73	-4.25
44000	13.15	different	-0.03	15.62	1.18	-18.66	-2.73	-4.25
45000	39.62	xtal-xtal	-0.06	15.62	1.15	-18.66	-2.70	-4.21
45000	47.07	bio-bio	-0.06	15.62	1.15	-18.66	-2.70	-4.21
45000	10.38	xtal-bio	-0.06	15.62	1.15	-18.66	-2.70	-4.21
45000	2.93	bio-xtal	-0.06	15.62	1.15	-18.66	-2.70	-4.21
45000	86.68	same	-0.06	15.62	1.15	-18.66	-2.70	-4.21
45000	13.32	different	-0.06	15.62	1.15	-18.66	-2.70	-4.21
46000	39.54	xtal-xtal	-0.09	15.62	1.12	-18.66	-2.68	-4.18
46000	47.03	bio-bio	-0.09	15.62	1.12	-18.66	-2.68	-4.18
46000	10.46	xtal-bio	-0.09	15.62	1.12	-18.66	-2.68	-4.18
46000	2.97	bio-xtal	-0.09	15.62	1.12	-18.66	-2.68	-4.18
46000	86.57	same	-0.09	15.62	1.12	-18.66	-2.68	-4.18
46000	13.43	different	-0.09	15.62	1.12	-18.66	-2.68	-4.18
47000	39.43	xtal-xtal	-0.13	15.62	1.10	-18.66	-2.64	-4.15
47000	47.00	bio-bio	-0.13	15.62	1.10	-18.66	-2.64	-4.15
47000	10.57	xtal-bio	-0.13	15.62	1.10	-18.66	-2.64	-4.15
47000	3.00	bio-xtal	-0.13	15.62	1.10	-18.66	-2.64	-4.15
47000	86.43	same	-0.13	15.62	1.10	-18.66	-2.64	-4.15
47000	13.57	different	-0.13	15.62	1.10	-18.66	-2.64	-4.15
48000	39.35	xtal-xtal	-0.16	15.62	1.07	-18.66	-2.62	-4.12
48000	46.96	bio-bio	-0.16	15.62	1.07	-18.66	-2.62	-4.12
48000	10.65	xtal-bio	-0.16	15.62	1.07	-18.66	-2.62	-4.12
48000	3.04	bio-xtal	-0.16	15.62	1.07	-18.66	-2.62	-4.12
48000	86.32	same	-0.16	15.62	1.07	-18.66	-2.62	-4.12
48000	13.68	different	-0.16	15.62	1.07	-18.66	-2.62	-4.12
49000	39.28	xtal-xtal	-0.19	15.62	1.05	-18.66	-2.59	-4.08
49000	46.95	bio-bio	-0.19	15.62	1.05	-18.66	-2.59	-4.08
49000	10.72	xtal-bio	-0.19	15.62	1.05	-18.66	-2.59	-4.08
49000	3.05	bio-xtal	-0.19	15.62	1.05	-18.66	-2.59	-4.08
49000	86.23	same	-0.19	15.62	1.05	-18.66	-2.59	-4.08
49000	13.77	different	-0.19	15.62	1.05	-18.66	-2.59	-4.08
50000	39.22	xtal-xtal	-0.23	15.62	1.02	-18.66	-2.56	-4.05
50000	46.90	bio-bio	-0.23	15.62	1.02	-18.66	-2.56	-4.05
50000	10.78	xtal-bio	-0.23	15.62	1.02	-18.66	-2.56	-4.05
50000	3.10	bio-xtal	-0.23	15.62	1.02	-18.66	-2.56	-4.05
50000	86.12	same	-0.23	15.62	1.02	-18.66	-2.56	-4.05
50000	13.88	different	-0.23	15.62	1.02	-18.66	-2.56	-4.05
51000	39.14	xtal-xtal	-0.26	15.62	1.00	-18.66	-2.53	-4.03
51000	46.85	bio-bio	-0.26	15.62	1.00	-18.66	-2.53	-4.03
51000	10.86	xtal-bio	-0.26	15.62	1.00	-18.66	-2.53	-4.03
51000	3.15	bio-xtal	-0.26	15.62	1.00	-18.66	-2.53	-4.03
51000	85.99	same	-0.26	15.62	1.00	-18.66	-2.53	-4.03
51000	14.01	different	-0.26	15.62	1.00	-18.66	-2.53	-4.03
52000	39.03	xtal-xtal	-0.29	15.62	0.97	-18.66	-2.50	-4.00
52000	46.80	bio-bio	-0.29	15.62	0.97	-18.66	-2.50	-4.00
52000	10.97	xtal-bio	-0.29	15.62	0.97	-18.66	-2.50	-4.00
52000	3.20	bio-xtal	-0.29	15.62	0.97	-18.66	-2.50	-4.00
52000	85.83	same	-0.29	15.62	0.97	-18.66	-2.50	-4.00
52000	14.17	different	-0.29	15.62	0.97	-18.66	-2.50	-4.00
53000	38.88	xtal-xtal	-0.33	15.62	0.95	-18.66	-2.47	-3.97
53000	46.75	bio-bio	-0.33	15.62	0.95	-18.66	-2.47	-3.97
53000	11.12	xtal-bio	-0.33	15.62	0.95	-18.66	-2.47	-3.97
53000	3.25	bio-xtal	-0.33	15.62	0.95	-18.66	-2.47	-3.97
53000	85.64	same	-0.33	15.62	0.95	-18.66	-2.47	-3.97
53000	14.36	different	-0.33	15.62	0.95	-18.66	-2.47	-3.97
54000	38.80	xtal-xtal	-0.36	15.62	0.92	-18.66	-2.44	-3.94
54000	46.69	bio-bio	-0.36	15.62	0.92	-18.66	-2.44	-3.94
54000	11.20	xtal-bio	-0.36	15.62	0.92	-18.66	-2.44	-3.94
54000	3.31	bio-xtal	-0.36	15.62	0.92	-18.66	-2.44	-3.94
54000	85.50	same	-0.36	15.62	0.92	-18.66	-2.44	-3.94
54000	14.50	different	-0.36	15.62	0.92	-18.66	-2.44	-3.94
55000	38.71	xtal-xtal	-0.39	15.62	0.90	-18.66	-2.41	-3.91
55000	46.64	bio-bio	-0.39	15.62	0.90	-18.66	-2.41	-3.91
55000	11.29	xtal-bio	-0.39	15.62	0.90	-18.66	-2.41	-3.91
55000	3.36	bio-xtal	-0.39	15.62	0.90	-18.66	-2.41	-3.91
55000	85.35	same	-0.39	15.62	0.90	-18.66	-2.41	-3.91
55000	14.65	different	-0.39	15.62	0.90	-18.66	-2.41	-3.91
56000	38.59	xtal-xtal	-0.42	15.62	0.88	-18.66	-2.39	-3.88
56000	46.60	bio-bio	-0.42	15.62	0.88	-18.66	-2.39	-3.88
56000	11.41	xtal-bio	-0.42	15.62	0.88	-18.66	-2.39	-3.88
56000	3.40	bio-xtal	-0.42	15.62	0.88	-18.66	-2.39	-3.88
56000	85.19	same	-0.42	15.62	0.88	-18.66	-2.39	-3.88
56000	14.81	different	-0.42	15.62	0.88	-18.66	-2.39	-3.88
57000	38.51	xtal-xtal	-0.46	15.62	0.85	-18.66	-2.36	-3.86
57000	46.54	bio-bio	-0.46	15.62	0.85	-18.66	-2.36	-3.86
57000	11.49	xtal-bio	-0.46	15.62	0.85	-18.66	-2.36	-3.86
57000	3.46	bio-xtal	-0.46	15.62	0.85	-18.66	-2.36	-3.86
57000	85.05	same	-0.46	15.62	0.85	-18.66	-2.36	-3.86
57000	14.95	different	-0.46	15.62	0.85	-18.66	-2.36	-3.86
58000	38.38	xtal-xtal	-0.49	15.62	0.83	-18.66	-2.33	-3.83
58000	46.47	bio-bio	-0.49	15.62	0.83	-18.66	-2.33	-3.83
58000	11.62	xtal-bio	-0.49	15.62	0.83	-18.66	-2.33	-3.83
58000	3.53	bio-xtal	-0.49	15.62	0.83	-18.66	-2.33	-3.83
58000	84.85	same	-0.49	15.62	0.83	-18.66	-2.33	-3.83
58000	15.15	different	-0.49	15.62	0.83	-18.66	-2.33	-3.83
59000	38.26	xtal-xtal	-0.52	15.62	0.81	-18.66	-2.31	-3.81
59000	46.43	bio-bio	-0.52	15.62	0.81	-18.66	-2.31	-3.81
59000	11.74	xtal-bio	-0.52	15.62	0.81	-18.66	-2.31	-3.81
59000	3.57	bio-xtal	-0.52	15.62	0.81	-18.66	-2.31	-3.81
59000	84.69	same	-0.52	15.62	0.81	-18.66	-2.31	-3.81
59000	15.31	different	-0.52	15.62	0.81	-18.66	-2.31	-3.81
60000	38.08	xtal-xtal	-0.55	15.62	0.79	-18.66	-2.28	-3.78
60000	46.38	bio-bio	-0.55	15.62	0.79	-18.66	-2.28	-3.78
60000	11.92	xtal-bio	-0.55	15.62	0.79	-18.66	-2.28	-3.78
60000	3.62	bio-xtal	-0.55	15.62	0.79	-18.66	-2.28	-3.78
60000	84.47	same	-0.55	15.62	0.79	-18.66	-2.28	-3.78
60000	15.53	different	-0.55	15.62	0.79	-18.66	-2.28	-3.78
61000	37.92	xtal-xtal	-0.58	15.62	0.76	-18.66	-2.26	-3.76
61000	46.35	bio-bio	-0.58	15.62	0.76	-18.66	-2.26	-3.76
61000	12.08	xtal-bio	-0.58	15.62	0.76	-18.66	-2.26	-3.76
61000	3.65	bio-xtal	-0.58	15.62	0.76	-18.66	-2.26	-3.76
61000	84.27	same	-0.58	15.62	0.76	-18.66	-2.26	-3.76
61000	15.73	different	-0.58	15.62	0.76	-18.66	-2.26	-3.76
62000	37.78	xtal-xtal	-0.61	15.62	0.74	-18.66	-2.23	-3.73
62000	46.30	bio-bio	-0.61	15.62	0.74	-18.66	-2.23	-3.73
62000	12.22	xtal-bio	-0.61	15.62	0.74	-18.66	-2.23	-3.73
62000	3.70	bio-xtal	-0.61	15.62	0.74	-18.66	-2.23	-3.73
62000	84.07	same	-0.61	15.62	0.74	-18.66	-2.23	-3.73
62000	15.93	different	-0.61	15.62	0.74	-18.66	-2.23	-3.73
63000	37.68	xtal-xtal	-0.63	15.62	0.72	-18.66	-2.20	-3.71
63000	46.25	bio-bio	-0.63	15.62	0.72	-18.66	-2.20	-3.71
63000	12.32	xtal-bio	-0.63	15.62	0.72	-18.66	-2.20	-3.71
63000	3.75	bio-xtal	-0.63	15.62	0.72	-18.66	-2.20	-3.71
63000	83.93	same	-0.63	15.62	0.72	-18.66	-2.20	-3.71
63000	16.07	different	-0.63	15.62	0.72	-18.66	-2.20	-3.71
64000	37.54	xtal-xtal	-0.66	15.62	0.70	-18.66	-2.18	-3.68
64000	46.20	bio-bio	-0.66	15.62	0.70	-18.66	-2.18	-3.68
64000	12.46	xtal-bio	-0.66	15.62	0.70	-18.66	-2.18	-3.68
64000	3.80	bio-xtal	-0.66	15.62	0.70	-18.66	-2.18	-3.68
64000	83.74	same	-0.66	15.62	0.70	-18.66	-2.18	-3.68
64000	16.26	different	-0.66	15.62	0.70	-18.66	-2.18	-3.68
65000	37.36	xtal-xtal	-0.69	15.62	0.68	-18.66	-2.15	-3.66
65000	46.14	bio-bio	-0.69	15.62	0.68	-18.66	-2.15	-3.66
65000	12.64	xtal-bio	-0.69	15.62	0.68	-18.66	-2.15	-3.66
65000	3.86	bio-xtal	-0.69	15.62	0.68	-18.66	-2.15	-3.66
65000	83.50	same	-0.69	15.62	0.68	-18.66	-2.15	-3.66
65000	16.50	different	-0.69	15.62	0.68	-18.66	-2.15	-3.66
66000	37.21	xtal-xtal	-0.72	15.62	0.66	-18.66	-2.13	-3.64
66000	46.07	bio-bio	-0.72	15.62	0.66	-18.66	-2.13	-3.64
66000	12.79	xtal-bio	-0.72	15.62	0.66	-18.66	-2.13	-3.64
66000	3.93	bio-xtal	-0.72	15.62	0.66	-18.66	-2.13	-3.64
66000	83.28	same	-0.72	15.62	0.66	-18.66	-2.13	-3.64
66000	16.72	different	-0.72	15.62	0.66	-18.66	-2.13	-3.64
67000	36.99	xtal-xtal	-0.75	15.62	0.64	-18.66	-2.10	-3.62
67000	46.00	bio-bio	-0.75	15.62	0.64	-18.66	-2.10	-3.62
67000	13.01	xtal-bio	-0.75	15.62	0.64	-18.66	-2.10	-3.62
67000	4.00	bio-xtal	-0.75	15.62	0.64	-18.66	-2.10	-3.62
67000	82.99	same	-0.75	15.62	0.64	-18.66	-2.10	-3.62
67000	17.01	different	-0.75	15.62	0.64	-18.66	-2.10	-3.62
68000	36.82	xtal-xtal	-0.78	15.62	0.62	-18.66	-2.07	-3.59
68000	45.94	bio-bio	-0.78	15.62	0.62	-18.66	-2.07	-3.59
68000	13.18	xtal-bio	-0.78	15.62	0.62	-18.66	-2.07	-3.59
68000	4.06	bio-xtal	-0.78	15.62	0.62	-18.66	-2.07	-3.59
68000	82.76	same	-0.78	15.62	0.62	-18.66	-2.07	-3.59
68000	17.24	different	-0.78	15.62	0.62	-18.66	-2.07	-3.59
69000	36.61	xtal-xtal	-0.81	15.62	0.60	-18.66	-2.04	-3.57
69000	45.86	bio-bio	-0.81	15.62	0.60	-18.66	-2.04	-3.57
69000	13.39	xtal-bio	-0.81	15.62	0.60	-18.66	-2.04	-3.57
69000	4.14	bio-xtal	-0.81	15.62	0.60	-18.66	-2.04	-3.57
69000	82.47	same	-0.81	15.62	0.60	-18.66	-2.04	-3.57
69000	17.53	different	-0.81	15.62	0.60	-18.66	-2.04	-3.57
70000	36.41	xtal-xtal	-0.84	15.62	0.57	-18.66	-2.02	-3.55
70000	45.76	bio-bio	-0.84	15.62	0.57	-18.66	-2.02	-3.55
70000	13.59	xtal-bio	-0.84	15.62	0.57	-18.66	-2.02	-3.55
70000	4.24	bio-xtal	-0.84	15.62	0.57	-18.66	-2.02	-3.55
70000	82.17	same	-0.84	15.62	0.57	-18.66	-2.02	-3.55
70000	17.83	different	-0.84	15.62	0.57	-18.66	-2.02	-3.55
71000	36.22	xtal-xtal	-0.87	15.62	0.55	-18.66	-1.99	-3.53
71000	45.69	bio-bio	-0.87	15.62	0.55	-18.66	-1.99	-3.53
71000	13.78	xtal-bio	-0.87	15.62	0.55	-18.66	-1.99	-3.53
71000	4.31	bio-xtal	-0.87	15.62	0.55	-18.66	-1.99	-3.53
71000	81.91	same	-0.87	15.62	0.55	-18.66	-1.99	-3.53
71000	18.09	different	-0.87	15.62	0.55	-18.66	-1.99	-3.53
72000	36.01	xtal-xtal	-0.89	15.62	0.53	-18.66	-1.97	-3.51
72000	45.64	bio-bio	-0.89	15.62	0.53	-18.66	-1.97	-3.51
72000	13.99	xtal-bio	-0.89	15.62	0.53	-18.66	-1.97	-3.51
72000	4.36	bio-xtal	-0.89	15.62	0.53	-18.66	-1.97	-3.51
72000	81.65	same	-0.89	15.62	0.53	-18.66	-1.97	-3.51
72000	18.35	different	-0.89	15.62	0.53	-18.66	-1.97	-3.51
73000	35.83	xtal-xtal	-0.92	15.62	0.52	-18.66	-1.94	-3.48
73000	45.58	bio-bio	-0.92	15.62	0.52	-18.66	-1.94	-3.48
73000	14.17	xtal-bio	-0.92	15.62	0.52	-18.66	-1.94	-3.48
73000	4.42	bio-xtal	-0.92	15.62	0.52	-18.66	-1.94	-3.48
73000	81.41	same	-0.92	15.62	0.52	-18.66	-1.94	-3.48
73000	18.59	different	-0.92	15.62	0.52	-18.66	-1.94	-3.48
74000	35.66	xtal-xtal	-0.95	15.62	0.50	-18.66	-1.91	-3.46
74000	45.52	bio-bio	-0.95	15.62	0.50	-18.66	-1.91	-3.46
74000	14.34	xtal-bio	-0.95	15.62	0.50	-18.66	-1.91	-3.46
74000	4.48	bio-xtal	-0.95	15.62	0.50	-18.66	-1.91	-3.46
74000	81.19	same	-0.95	15.62	0.50	-18.66	-1.91	-3.46
74000	18.81	different	-0.95	15.62	0.50	-18.66	-1.91	-3.46
75000	35.48	xtal-xtal	-0.98	15.62	0.48	-18.66	-1.89	-3.44
75000	45.45	bio-bio	-0.98	15.62	0.48	-18.66	-1.89	-3.44
75000	14.52	xtal-bio	-0.98	15.62	0.48	-18.66	-1.89	-3.44
75000	4.55	bio-xtal	-0.98	15.62	0.48	-18.66	-1.89	-3.44
75000	80.93	same	-0.98	15.62	0.48	-18.66	-1.89	-3.44
75000	19.07	different	-0.98	15.62	0.48	-18.66	-1.89	-3.44
76000	35.28	xtal-xtal	-1.00	15.62	0.46	-18.66	-1.87	-3.42
76000	45.43	bio-bio	-1.00	15.62	0.46	-18.66	-1.87	-3.42
76000	14.65	xtal-bio	-1.00	15.62	0.46	-18.66	-1.87	-3.42
76000	4.64	bio-xtal	-1.00	15.62	0.46	-18.66	-1.87	-3.42
76000	80.71	same	-1.00	15.62	0.46	-18.66	-1.87	-3.42
76000	19.29	different	-1.00	15.62	0.46	-18.66	-1.87	-3.42
77000	34.82	xtal-xtal	-1.03	15.62	0.44	-18.66	-1.84	-3.40
77000	45.72	bio-bio	-1.03	15.62	0.44	-18.66	-1.84	-3.40
77000	14.46	xtal-bio	-1.03	15.62	0.44	-18.66	-1.84	-3.40
77000	5.00	bio-xtal	-1.03	15.62	0.44	-18.66	-1.84	-3.40
77000	80.54	same	-1.03	15.62	0.44	-18.66	-1.84	-3.40
77000	19.46	different	-1.03	15.62	0.44	-18.66	-1.84	-3.40
78000	34.37	xtal-xtal	-1.06	15.62	0.42	-18.66	-1.81	-3.38
78000	46.03	bio-bio	-1.06	15.62	0.42	-18.66	-1.81	-3.38
78000	14.27	xtal-bio	-1.06	15.62	0.42	-18.66	-1.81	-3.38
78000	5.33	bio-xtal	-1.06	15.62	0.42	-18.66	-1.81	-3.38
78000	80.40	same	-1.06	15.62	0.42	-18.66	-1.81	-3.38
78000	19.60	different	-1.06	15.62	0.42	-18.66	-1.81	-3.38
79000	33.94	xtal-xtal	-1.09	15.62	0.40	-18.66	-1.79	-3.36
79000	46.31	bio-bio	-1.09	15.62	0.40	-18.66	-1.79	-3.36
79000	14.09	xtal-bio	-1.09	15.62	0.40	-18.66	-1.79	-3.36
79000	5.66	bio-xtal	-1.09	15.62	0.40	-18.66	-1.79	-3.36
79000	80.25	same	-1.09	15.62	0.40	-18.66	-1.79	-3.36
79000	19.75	different	-1.09	15.62	0.40	-18.66	-1.79	-3.36
80000	33.51	xtal-xtal	-1.12	15.62	0.38	-18.66	-1.77	-3.34
80000	46.61	bio-bio	-1.12	15.62	0.38	-18.66	-1.77	-3.34
80000	13.91	xtal-bio	-1.12	15.62	0.38	-18.66	-1.77	-3.34
80000	5.96	bio-xtal	-1.12	15.62	0.38	-18.66	-1.77	-3.34
80000	80.13	same	-1.12	15.62	0.38	-18.66	-1.77	-3.34
80000	19.87	different	-1.12	15.62	0.38	-18.66	-1.77	-3.34
81000	33.10	xtal-xtal	-1.15	15.62	0.36	-18.66	-1.74	-3.32
81000	46.88	bio-bio	-1.15	15.62	0.36	-18.66	-1.74	-3.32
81000	13.74	xtal-bio	-1.15	15.62	0.36	-18.66	-1.74	-3.32
81000	6.28	bio-xtal	-1.15	15.62	0.36	-18.66	-1.74	-3.32
81000	79.98	same	-1.15	15.62	0.36	-18.66	-1.74	-3.32
81000	20.02	different	-1.15	15.62	0.36	-18.66	-1.74	-3.32
82000	32.70	xtal-xtal	-1.18	15.62	0.34	-18.66	-1.72	-3.30
82000	47.18	bio-bio	-1.18	15.62	0.34	-18.66	-1.72	-3.30
82000	13.57	xtal-bio	-1.18	15.62	0.34	-18.66	-1.72	-3.30
82000	6.55	bio-xtal	-1.18	15.62	0.34	-18.66	-1.72	-3.30
82000	79.87	same	-1.18	15.62	0.34	-18.66	-1.72	-3.30
82000	20.13	different	-1.18	15.62	0.34	-18.66	-1.72	-3.30
83000	32.30	xtal-xtal	-1.21	15.62	0.32	-18.66	-1.69	-3.28
83000	47.43	bio-bio	-1.21	15.62	0.32	-18.66	-1.69	-3.28
83000	13.41	xtal-bio	-1.21	15.62	0.32	-18.66	-1.69	-3.28
83000	6.86	bio-xtal	-1.21	15.62	0.32	-18.66	-1.69	-3.28
83000	79.73	same	-1.21	15.62	0.32	-18.66	-1.69	-3.28
83000	20.27	different	-1.21	15.62	0.32	-18.66	-1.69	-3.28
84000	31.92	xtal-xtal	-1.23	15.62	0.31	-18.66	-1.67	-3.26
84000	47.68	bio-bio	-1.23	15.62	0.31	-18.66	-1.67	-3.26
84000	13.25	xtal-bio	-1.23	15.62	0.31	-18.66	-1.67	-3.26
84000	7.16	bio-xtal	-1.23	15.62	0.31	-18.66	-1.67	-3.26
84000	79.59	same	-1.23	15.62	0.31	-18.66	-1.67	-3.26
84000	20.41	different	-1.23	15.62	0.31	-18.66	-1.67	-3.26
85000	31.54	xtal-xtal	-1.26	15.62	0.29	-18.66	-1.64	-3.25
85000	47.97	bio-bio	-1.26	15.62	0.29	-18.66	-1.64	-3.25
85000	13.10	xtal-bio	-1.26	15.62	0.29	-18.66	-1.64	-3.25
85000	7.39	bio-xtal	-1.26	15.62	0.29	-18.66	-1.64	-3.25
85000	79.51	same	-1.26	15.62	0.29	-18.66	-1.64	-3.25
85000	20.49	different	-1.26	15.62	0.29	-18.66	-1.64	-3.25
86000	31.17	xtal-xtal	-1.29	15.62	0.27	-18.66	-1.61	-3.23
86000	48.24	bio-bio	-1.29	15.62	0.27	-18.66	-1.61	-3.23
86000	12.94	xtal-bio	-1.29	15.62	0.27	-18.66	-1.61	-3.23
86000	7.64	bio-xtal	-1.29	15.62	0.27	-18.66	-1.61	-3.23
86000	79.41	same	-1.29	15.62	0.27	-18.66	-1.61	-3.23
86000	20.59	different	-1.29	15.62	0.27	-18.66	-1.61	-3.23
87000	30.82	xtal-xtal	-1.31	15.62	0.25	-18.66	-1.59	-3.21
87000	48.49	bio-bio	-1.31	15.62	0.25	-18.66	-1.59	-3.21
87000	12.79	xtal-bio	-1.31	15.62	0.25	-18.66	-1.59	-3.21
87000	7.90	bio-xtal	-1.31	15.62	0.25	-18.66	-1.59	-3.21
87000	79.31	same	-1.31	15.62	0.25	-18.66	-1.59	-3.21
87000	20.69	different	-1.31	15.62	0.25	-18.66	-1.59	-3.21
88000	30.47	xtal-xtal	-1.34	15.62	0.23	-18.66	-1.56	-3.19
88000	48.76	bio-bio	-1.34	15.62	0.23	-18.66	-1.56	-3.19
88000	12.65	xtal-bio	-1.34	15.62	0.23	-18.66	-1.56	-3.19
88000	8.13	bio-xtal	-1.34	15.62	0.23	-18.66	-1.56	-3.19
88000	79.22	same	-1.34	15.62	0.23	-18.66	-1.56	-3.19
88000	20.78	different	-1.34	15.62	0.23	-18.66	-1.56	-3.19
89000	30.12	xtal-xtal	-1.36	15.62	0.22	-18.66	-1.54	-3.17
89000	48.99	bio-bio	-1.36	15.62	0.22	-18.66	-1.54	-3.17
89000	12.51	xtal-bio	-1.36	15.62	0.22	-18.66	-1.54	-3.17
89000	8.38	bio-xtal	-1.36	15.62	0.22	-18.66	-1.54	-3.17
89000	79.12	same	-1.36	15.62	0.22	-18.66	-1.54	-3.17
89000	20.88	different	-1.36	15.62	0.22	-18.66	-1.54	-3.17
90000	29.79	xtal-xtal	-1.39	15.62	0.20	-18.66	-1.51	-3.15
90000	49.23	bio-bio	-1.39	15.62	0.20	-18.66	-1.51	-3.15
90000	12.37	xtal-bio	-1.39	15.62	0.20	-18.66	-1.51	-3.15
90000	8.61	bio-xtal	-1.39	15.62	0.20	-18.66	-1.51	-3.15
90000	79.02	same	-1.39	15.62	0.20	-18.66	-1.51	-3.15
90000	20.98	different	-1.39	15.62	0.20	-18.66	-1.51	-3.15
91000	29.46	xtal-xtal	-1.41	15.62	0.18	-18.66	-1.48	-3.13
91000	49.44	bio-bio	-1.41	15.62	0.18	-18.66	-1.48	-3.13
91000	12.23	xtal-bio	-1.41	15.62	0.18	-18.66	-1.48	-3.13
91000	8.86	bio-xtal	-1.41	15.62	0.18	-18.66	-1.48	-3.13
91000	78.91	same	-1.41	15.62	0.18	-18.66	-1.48	-3.13
91000	21.09	different	-1.41	15.62	0.18	-18.66	-1.48	-3.13
92000	29.14	xtal-xtal	-1.44	15.62	0.16	-18.66	-1.46	-3.12
92000	49.65	bio-bio	-1.44	15.62	0.16	-18.66	-1.46	-3.12
92000	12.10	xtal-bio	-1.44	15.62	0.16	-18.66	-1.46	-3.12
92000	9.11	bio-xtal	-1.44	15.62	0.16	-18.66	-1.46	-3.12
92000	78.79	same	-1.44	15.62	0.16	-18.66	-1.46	-3.12
92000	21.21	different	-1.44	15.62	0.16	-18.66	-1.46	-3.12
