datapoints	percentage	call	xmin	xmax	xmean	bmin	bmax	bmean
200	22.50	xtal-xtal	4.48	15.34	5.94	-18.66	-11.22	-13.68
200	50.00	bio-bio	4.48	15.34	5.94	-18.66	-11.22	-13.68
200	27.50	xtal-bio	4.48	15.34	5.94	-18.66	-11.22	-13.68
200	0.00	bio-xtal	4.48	15.34	5.94	-18.66	-11.22	-13.68
200	72.50	same	4.48	15.34	5.94	-18.66	-11.22	-13.68
200	27.50	different	4.48	15.34	5.94	-18.66	-11.22	-13.68
400	30.50	xtal-xtal	3.71	15.34	4.99	-18.66	-9.91	-12.05
400	49.50	bio-bio	3.71	15.34	4.99	-18.66	-9.91	-12.05
400	19.50	xtal-bio	3.71	15.34	4.99	-18.66	-9.91	-12.05
400	0.50	bio-xtal	3.71	15.34	4.99	-18.66	-9.91	-12.05
400	80.00	same	3.71	15.34	4.99	-18.66	-9.91	-12.05
400	20.00	different	3.71	15.34	4.99	-18.66	-9.91	-12.05
600	34.17	xtal-xtal	3.26	15.34	4.48	-18.66	-9.28	-11.22
600	49.67	bio-bio	3.26	15.34	4.48	-18.66	-9.28	-11.22
600	15.83	xtal-bio	3.26	15.34	4.48	-18.66	-9.28	-11.22
600	0.33	bio-xtal	3.26	15.34	4.48	-18.66	-9.28	-11.22
600	83.83	same	3.26	15.34	4.48	-18.66	-9.28	-11.22
600	16.17	different	3.26	15.34	4.48	-18.66	-9.28	-11.22
800	35.62	xtal-xtal	3.07	15.34	4.15	-18.66	-8.82	-10.68
800	49.38	bio-bio	3.07	15.34	4.15	-18.66	-8.82	-10.68
800	14.37	xtal-bio	3.07	15.34	4.15	-18.66	-8.82	-10.68
800	0.62	bio-xtal	3.07	15.34	4.15	-18.66	-8.82	-10.68
800	85.00	same	3.07	15.34	4.15	-18.66	-8.82	-10.68
800	15.00	different	3.07	15.34	4.15	-18.66	-8.82	-10.68
1000	36.80	xtal-xtal	2.94	15.34	3.92	-18.66	-8.44	-10.27
1000	49.20	bio-bio	2.94	15.34	3.92	-18.66	-8.44	-10.27
1000	13.20	xtal-bio	2.94	15.34	3.92	-18.66	-8.44	-10.27
1000	0.80	bio-xtal	2.94	15.34	3.92	-18.66	-8.44	-10.27
1000	86.00	same	2.94	15.34	3.92	-18.66	-8.44	-10.27
1000	14.00	different	2.94	15.34	3.92	-18.66	-8.44	-10.27
1200	37.25	xtal-xtal	2.83	15.34	3.75	-18.66	-8.17	-9.94
1200	49.08	bio-bio	2.83	15.34	3.75	-18.66	-8.17	-9.94
1200	12.75	xtal-bio	2.83	15.34	3.75	-18.66	-8.17	-9.94
1200	0.92	bio-xtal	2.83	15.34	3.75	-18.66	-8.17	-9.94
1200	86.33	same	2.83	15.34	3.75	-18.66	-8.17	-9.94
1200	13.67	different	2.83	15.34	3.75	-18.66	-8.17	-9.94
1400	38.29	xtal-xtal	2.72	15.34	3.61	-18.66	-7.88	-9.67
1400	48.93	bio-bio	2.72	15.34	3.61	-18.66	-7.88	-9.67
1400	11.71	xtal-bio	2.72	15.34	3.61	-18.66	-7.88	-9.67
1400	1.07	bio-xtal	2.72	15.34	3.61	-18.66	-7.88	-9.67
1400	87.21	same	2.72	15.34	3.61	-18.66	-7.88	-9.67
1400	12.79	different	2.72	15.34	3.61	-18.66	-7.88	-9.67
1600	39.00	xtal-xtal	2.65	15.34	3.49	-18.66	-7.58	-9.42
1600	49.00	bio-bio	2.65	15.34	3.49	-18.66	-7.58	-9.42
1600	11.00	xtal-bio	2.65	15.34	3.49	-18.66	-7.58	-9.42
1600	1.00	bio-xtal	2.65	15.34	3.49	-18.66	-7.58	-9.42
1600	88.00	same	2.65	15.34	3.49	-18.66	-7.58	-9.42
1600	12.00	different	2.65	15.34	3.49	-18.66	-7.58	-9.42
1800	39.67	xtal-xtal	2.57	15.34	3.40	-18.66	-7.33	-9.20
1800	48.89	bio-bio	2.57	15.34	3.40	-18.66	-7.33	-9.20
1800	10.33	xtal-bio	2.57	15.34	3.40	-18.66	-7.33	-9.20
1800	1.11	bio-xtal	2.57	15.34	3.40	-18.66	-7.33	-9.20
1800	88.56	same	2.57	15.34	3.40	-18.66	-7.33	-9.20
1800	11.44	different	2.57	15.34	3.40	-18.66	-7.33	-9.20
2000	39.70	xtal-xtal	2.51	15.34	3.31	-18.66	-7.17	-9.01
2000	48.95	bio-bio	2.51	15.34	3.31	-18.66	-7.17	-9.01
2000	10.30	xtal-bio	2.51	15.34	3.31	-18.66	-7.17	-9.01
2000	1.05	bio-xtal	2.51	15.34	3.31	-18.66	-7.17	-9.01
2000	88.65	same	2.51	15.34	3.31	-18.66	-7.17	-9.01
2000	11.35	different	2.51	15.34	3.31	-18.66	-7.17	-9.01
2200	39.86	xtal-xtal	2.43	15.34	3.23	-18.66	-7.04	-8.83
2200	49.05	bio-bio	2.43	15.34	3.23	-18.66	-7.04	-8.83
2200	10.14	xtal-bio	2.43	15.34	3.23	-18.66	-7.04	-8.83
2200	0.95	bio-xtal	2.43	15.34	3.23	-18.66	-7.04	-8.83
2200	88.91	same	2.43	15.34	3.23	-18.66	-7.04	-8.83
2200	11.09	different	2.43	15.34	3.23	-18.66	-7.04	-8.83
2400	40.46	xtal-xtal	2.38	15.34	3.16	-18.66	-6.93	-8.68
2400	49.08	bio-bio	2.38	15.34	3.16	-18.66	-6.93	-8.68
2400	9.54	xtal-bio	2.38	15.34	3.16	-18.66	-6.93	-8.68
2400	0.92	bio-xtal	2.38	15.34	3.16	-18.66	-6.93	-8.68
2400	89.54	same	2.38	15.34	3.16	-18.66	-6.93	-8.68
2400	10.46	different	2.38	15.34	3.16	-18.66	-6.93	-8.68
2600	40.69	xtal-xtal	2.33	15.34	3.10	-18.66	-6.83	-8.54
2600	49.15	bio-bio	2.33	15.34	3.10	-18.66	-6.83	-8.54
2600	9.31	xtal-bio	2.33	15.34	3.10	-18.66	-6.83	-8.54
2600	0.85	bio-xtal	2.33	15.34	3.10	-18.66	-6.83	-8.54
2600	89.85	same	2.33	15.34	3.10	-18.66	-6.83	-8.54
2600	10.15	different	2.33	15.34	3.10	-18.66	-6.83	-8.54
2800	40.96	xtal-xtal	2.28	15.34	3.05	-18.66	-6.71	-8.41
2800	49.14	bio-bio	2.28	15.34	3.05	-18.66	-6.71	-8.41
2800	9.04	xtal-bio	2.28	15.34	3.05	-18.66	-6.71	-8.41
2800	0.86	bio-xtal	2.28	15.34	3.05	-18.66	-6.71	-8.41
2800	90.11	same	2.28	15.34	3.05	-18.66	-6.71	-8.41
2800	9.89	different	2.28	15.34	3.05	-18.66	-6.71	-8.41
3000	40.97	xtal-xtal	2.23	15.34	2.99	-18.66	-6.57	-8.30
3000	49.10	bio-bio	2.23	15.34	2.99	-18.66	-6.57	-8.30
3000	9.03	xtal-bio	2.23	15.34	2.99	-18.66	-6.57	-8.30
3000	0.90	bio-xtal	2.23	15.34	2.99	-18.66	-6.57	-8.30
3000	90.07	same	2.23	15.34	2.99	-18.66	-6.57	-8.30
3000	9.93	different	2.23	15.34	2.99	-18.66	-6.57	-8.30
3200	41.12	xtal-xtal	2.19	15.34	2.94	-18.66	-6.43	-8.18
3200	49.09	bio-bio	2.19	15.34	2.94	-18.66	-6.43	-8.18
3200	8.88	xtal-bio	2.19	15.34	2.94	-18.66	-6.43	-8.18
3200	0.91	bio-xtal	2.19	15.34	2.94	-18.66	-6.43	-8.18
3200	90.22	same	2.19	15.34	2.94	-18.66	-6.43	-8.18
3200	9.78	different	2.19	15.34	2.94	-18.66	-6.43	-8.18
3400	41.29	xtal-xtal	2.14	15.34	2.90	-18.66	-6.31	-8.08
3400	49.09	bio-bio	2.14	15.34	2.90	-18.66	-6.31	-8.08
3400	8.71	xtal-bio	2.14	15.34	2.90	-18.66	-6.31	-8.08
3400	0.91	bio-xtal	2.14	15.34	2.90	-18.66	-6.31	-8.08
3400	90.38	same	2.14	15.34	2.90	-18.66	-6.31	-8.08
3400	9.62	different	2.14	15.34	2.90	-18.66	-6.31	-8.08
3600	41.44	xtal-xtal	2.10	15.34	2.86	-18.66	-6.18	-7.98
3600	49.08	bio-bio	2.10	15.34	2.86	-18.66	-6.18	-7.98
3600	8.56	xtal-bio	2.10	15.34	2.86	-18.66	-6.18	-7.98
3600	0.92	bio-xtal	2.10	15.34	2.86	-18.66	-6.18	-7.98
3600	90.53	same	2.10	15.34	2.86	-18.66	-6.18	-7.98
3600	9.47	different	2.10	15.34	2.86	-18.66	-6.18	-7.98
3800	41.42	xtal-xtal	2.07	15.34	2.82	-18.66	-6.07	-7.88
3800	49.03	bio-bio	2.07	15.34	2.82	-18.66	-6.07	-7.88
3800	8.58	xtal-bio	2.07	15.34	2.82	-18.66	-6.07	-7.88
3800	0.97	bio-xtal	2.07	15.34	2.82	-18.66	-6.07	-7.88
3800	90.45	same	2.07	15.34	2.82	-18.66	-6.07	-7.88
3800	9.55	different	2.07	15.34	2.82	-18.66	-6.07	-7.88
4000	41.52	xtal-xtal	2.03	15.34	2.78	-18.66	-5.95	-7.78
4000	48.98	bio-bio	2.03	15.34	2.78	-18.66	-5.95	-7.78
4000	8.48	xtal-bio	2.03	15.34	2.78	-18.66	-5.95	-7.78
4000	1.03	bio-xtal	2.03	15.34	2.78	-18.66	-5.95	-7.78
4000	90.50	same	2.03	15.34	2.78	-18.66	-5.95	-7.78
4000	9.50	different	2.03	15.34	2.78	-18.66	-5.95	-7.78
4200	41.79	xtal-xtal	1.99	15.34	2.74	-18.66	-5.85	-7.69
4200	48.95	bio-bio	1.99	15.34	2.74	-18.66	-5.85	-7.69
4200	8.21	xtal-bio	1.99	15.34	2.74	-18.66	-5.85	-7.69
4200	1.05	bio-xtal	1.99	15.34	2.74	-18.66	-5.85	-7.69
4200	90.74	same	1.99	15.34	2.74	-18.66	-5.85	-7.69
4200	9.26	different	1.99	15.34	2.74	-18.66	-5.85	-7.69
4400	41.93	xtal-xtal	1.96	15.34	2.71	-18.66	-5.78	-7.61
4400	48.91	bio-bio	1.96	15.34	2.71	-18.66	-5.78	-7.61
4400	8.07	xtal-bio	1.96	15.34	2.71	-18.66	-5.78	-7.61
4400	1.09	bio-xtal	1.96	15.34	2.71	-18.66	-5.78	-7.61
4400	90.84	same	1.96	15.34	2.71	-18.66	-5.78	-7.61
4400	9.16	different	1.96	15.34	2.71	-18.66	-5.78	-7.61
4600	41.96	xtal-xtal	1.92	15.34	2.67	-18.66	-5.70	-7.53
4600	48.89	bio-bio	1.92	15.34	2.67	-18.66	-5.70	-7.53
4600	8.04	xtal-bio	1.92	15.34	2.67	-18.66	-5.70	-7.53
4600	1.11	bio-xtal	1.92	15.34	2.67	-18.66	-5.70	-7.53
4600	90.85	same	1.92	15.34	2.67	-18.66	-5.70	-7.53
4600	9.15	different	1.92	15.34	2.67	-18.66	-5.70	-7.53
4800	41.94	xtal-xtal	1.88	15.34	2.64	-18.66	-5.62	-7.45
4800	48.90	bio-bio	1.88	15.34	2.64	-18.66	-5.62	-7.45
4800	8.06	xtal-bio	1.88	15.34	2.64	-18.66	-5.62	-7.45
4800	1.10	bio-xtal	1.88	15.34	2.64	-18.66	-5.62	-7.45
4800	90.83	same	1.88	15.34	2.64	-18.66	-5.62	-7.45
4800	9.17	different	1.88	15.34	2.64	-18.66	-5.62	-7.45
5000	42.04	xtal-xtal	1.83	15.34	2.61	-18.66	-5.54	-7.37
5000	48.80	bio-bio	1.83	15.34	2.61	-18.66	-5.54	-7.37
5000	7.96	xtal-bio	1.83	15.34	2.61	-18.66	-5.54	-7.37
5000	1.20	bio-xtal	1.83	15.34	2.61	-18.66	-5.54	-7.37
5000	90.84	same	1.83	15.34	2.61	-18.66	-5.54	-7.37
5000	9.16	different	1.83	15.34	2.61	-18.66	-5.54	-7.37
5200	42.08	xtal-xtal	1.80	15.34	2.58	-18.66	-5.47	-7.30
5200	48.71	bio-bio	1.80	15.34	2.58	-18.66	-5.47	-7.30
5200	7.92	xtal-bio	1.80	15.34	2.58	-18.66	-5.47	-7.30
5200	1.29	bio-xtal	1.80	15.34	2.58	-18.66	-5.47	-7.30
5200	90.79	same	1.80	15.34	2.58	-18.66	-5.47	-7.30
5200	9.21	different	1.80	15.34	2.58	-18.66	-5.47	-7.30
5400	42.15	xtal-xtal	1.76	15.34	2.55	-18.66	-5.39	-7.23
5400	48.74	bio-bio	1.76	15.34	2.55	-18.66	-5.39	-7.23
5400	7.85	xtal-bio	1.76	15.34	2.55	-18.66	-5.39	-7.23
5400	1.26	bio-xtal	1.76	15.34	2.55	-18.66	-5.39	-7.23
5400	90.89	same	1.76	15.34	2.55	-18.66	-5.39	-7.23
5400	9.11	different	1.76	15.34	2.55	-18.66	-5.39	-7.23
5600	42.25	xtal-xtal	1.73	15.34	2.52	-18.66	-5.33	-7.17
5600	48.68	bio-bio	1.73	15.34	2.52	-18.66	-5.33	-7.17
5600	7.75	xtal-bio	1.73	15.34	2.52	-18.66	-5.33	-7.17
5600	1.32	bio-xtal	1.73	15.34	2.52	-18.66	-5.33	-7.17
5600	90.93	same	1.73	15.34	2.52	-18.66	-5.33	-7.17
5600	9.07	different	1.73	15.34	2.52	-18.66	-5.33	-7.17
5800	42.33	xtal-xtal	1.69	15.34	2.49	-18.66	-5.27	-7.10
5800	48.69	bio-bio	1.69	15.34	2.49	-18.66	-5.27	-7.10
5800	7.67	xtal-bio	1.69	15.34	2.49	-18.66	-5.27	-7.10
5800	1.31	bio-xtal	1.69	15.34	2.49	-18.66	-5.27	-7.10
5800	91.02	same	1.69	15.34	2.49	-18.66	-5.27	-7.10
5800	8.98	different	1.69	15.34	2.49	-18.66	-5.27	-7.10
6000	42.45	xtal-xtal	1.66	15.34	2.46	-18.66	-5.21	-7.04
6000	48.67	bio-bio	1.66	15.34	2.46	-18.66	-5.21	-7.04
6000	7.55	xtal-bio	1.66	15.34	2.46	-18.66	-5.21	-7.04
6000	1.33	bio-xtal	1.66	15.34	2.46	-18.66	-5.21	-7.04
6000	91.12	same	1.66	15.34	2.46	-18.66	-5.21	-7.04
6000	8.88	different	1.66	15.34	2.46	-18.66	-5.21	-7.04
6200	42.47	xtal-xtal	1.63	15.34	2.44	-18.66	-5.15	-6.98
6200	48.66	bio-bio	1.63	15.34	2.44	-18.66	-5.15	-6.98
6200	7.53	xtal-bio	1.63	15.34	2.44	-18.66	-5.15	-6.98
6200	1.34	bio-xtal	1.63	15.34	2.44	-18.66	-5.15	-6.98
6200	91.13	same	1.63	15.34	2.44	-18.66	-5.15	-6.98
6200	8.87	different	1.63	15.34	2.44	-18.66	-5.15	-6.98
6400	42.52	xtal-xtal	1.60	15.34	2.41	-18.66	-5.10	-6.92
6400	48.55	bio-bio	1.60	15.34	2.41	-18.66	-5.10	-6.92
6400	7.48	xtal-bio	1.60	15.34	2.41	-18.66	-5.10	-6.92
6400	1.45	bio-xtal	1.60	15.34	2.41	-18.66	-5.10	-6.92
6400	91.06	same	1.60	15.34	2.41	-18.66	-5.10	-6.92
6400	8.94	different	1.60	15.34	2.41	-18.66	-5.10	-6.92
6600	42.59	xtal-xtal	1.57	15.34	2.39	-18.66	-5.04	-6.87
6600	48.47	bio-bio	1.57	15.34	2.39	-18.66	-5.04	-6.87
6600	7.41	xtal-bio	1.57	15.34	2.39	-18.66	-5.04	-6.87
6600	1.53	bio-xtal	1.57	15.34	2.39	-18.66	-5.04	-6.87
6600	91.06	same	1.57	15.34	2.39	-18.66	-5.04	-6.87
6600	8.94	different	1.57	15.34	2.39	-18.66	-5.04	-6.87
6800	42.63	xtal-xtal	1.54	15.34	2.36	-18.66	-4.99	-6.81
6800	48.49	bio-bio	1.54	15.34	2.36	-18.66	-4.99	-6.81
6800	7.37	xtal-bio	1.54	15.34	2.36	-18.66	-4.99	-6.81
6800	1.51	bio-xtal	1.54	15.34	2.36	-18.66	-4.99	-6.81
6800	91.12	same	1.54	15.34	2.36	-18.66	-4.99	-6.81
6800	8.88	different	1.54	15.34	2.36	-18.66	-4.99	-6.81
7000	42.67	xtal-xtal	1.51	15.34	2.34	-18.66	-4.94	-6.76
7000	48.43	bio-bio	1.51	15.34	2.34	-18.66	-4.94	-6.76
7000	7.33	xtal-bio	1.51	15.34	2.34	-18.66	-4.94	-6.76
7000	1.57	bio-xtal	1.51	15.34	2.34	-18.66	-4.94	-6.76
7000	91.10	same	1.51	15.34	2.34	-18.66	-4.94	-6.76
7000	8.90	different	1.51	15.34	2.34	-18.66	-4.94	-6.76
7200	42.61	xtal-xtal	1.48	15.34	2.32	-18.66	-4.90	-6.71
7200	48.43	bio-bio	1.48	15.34	2.32	-18.66	-4.90	-6.71
7200	7.39	xtal-bio	1.48	15.34	2.32	-18.66	-4.90	-6.71
7200	1.57	bio-xtal	1.48	15.34	2.32	-18.66	-4.90	-6.71
7200	91.04	same	1.48	15.34	2.32	-18.66	-4.90	-6.71
7200	8.96	different	1.48	15.34	2.32	-18.66	-4.90	-6.71
7400	42.69	xtal-xtal	1.45	15.34	2.29	-18.66	-4.84	-6.66
7400	48.38	bio-bio	1.45	15.34	2.29	-18.66	-4.84	-6.66
7400	7.31	xtal-bio	1.45	15.34	2.29	-18.66	-4.84	-6.66
7400	1.62	bio-xtal	1.45	15.34	2.29	-18.66	-4.84	-6.66
7400	91.07	same	1.45	15.34	2.29	-18.66	-4.84	-6.66
7400	8.93	different	1.45	15.34	2.29	-18.66	-4.84	-6.66
7600	42.79	xtal-xtal	1.42	15.34	2.27	-18.66	-4.80	-6.61
7600	48.36	bio-bio	1.42	15.34	2.27	-18.66	-4.80	-6.61
7600	7.21	xtal-bio	1.42	15.34	2.27	-18.66	-4.80	-6.61
7600	1.64	bio-xtal	1.42	15.34	2.27	-18.66	-4.80	-6.61
7600	91.14	same	1.42	15.34	2.27	-18.66	-4.80	-6.61
7600	8.86	different	1.42	15.34	2.27	-18.66	-4.80	-6.61
7800	42.83	xtal-xtal	1.39	15.34	2.25	-18.66	-4.75	-6.56
7800	48.36	bio-bio	1.39	15.34	2.25	-18.66	-4.75	-6.56
7800	7.17	xtal-bio	1.39	15.34	2.25	-18.66	-4.75	-6.56
7800	1.64	bio-xtal	1.39	15.34	2.25	-18.66	-4.75	-6.56
7800	91.19	same	1.39	15.34	2.25	-18.66	-4.75	-6.56
7800	8.81	different	1.39	15.34	2.25	-18.66	-4.75	-6.56
8000	42.93	xtal-xtal	1.37	15.34	2.23	-18.66	-4.71	-6.52
8000	48.35	bio-bio	1.37	15.34	2.23	-18.66	-4.71	-6.52
8000	7.07	xtal-bio	1.37	15.34	2.23	-18.66	-4.71	-6.52
8000	1.65	bio-xtal	1.37	15.34	2.23	-18.66	-4.71	-6.52
8000	91.27	same	1.37	15.34	2.23	-18.66	-4.71	-6.52
8000	8.72	different	1.37	15.34	2.23	-18.66	-4.71	-6.52
8200	43.05	xtal-xtal	1.35	15.34	2.20	-18.66	-4.67	-6.47
8200	48.33	bio-bio	1.35	15.34	2.20	-18.66	-4.67	-6.47
8200	6.95	xtal-bio	1.35	15.34	2.20	-18.66	-4.67	-6.47
8200	1.67	bio-xtal	1.35	15.34	2.20	-18.66	-4.67	-6.47
8200	91.38	same	1.35	15.34	2.20	-18.66	-4.67	-6.47
8200	8.62	different	1.35	15.34	2.20	-18.66	-4.67	-6.47
8400	43.14	xtal-xtal	1.33	15.34	2.18	-18.66	-4.62	-6.43
8400	48.36	bio-bio	1.33	15.34	2.18	-18.66	-4.62	-6.43
8400	6.86	xtal-bio	1.33	15.34	2.18	-18.66	-4.62	-6.43
8400	1.64	bio-xtal	1.33	15.34	2.18	-18.66	-4.62	-6.43
8400	91.50	same	1.33	15.34	2.18	-18.66	-4.62	-6.43
8400	8.50	different	1.33	15.34	2.18	-18.66	-4.62	-6.43
8600	43.16	xtal-xtal	1.31	15.34	2.16	-18.66	-4.58	-6.39
8600	48.36	bio-bio	1.31	15.34	2.16	-18.66	-4.58	-6.39
8600	6.84	xtal-bio	1.31	15.34	2.16	-18.66	-4.58	-6.39
8600	1.64	bio-xtal	1.31	15.34	2.16	-18.66	-4.58	-6.39
8600	91.52	same	1.31	15.34	2.16	-18.66	-4.58	-6.39
8600	8.48	different	1.31	15.34	2.16	-18.66	-4.58	-6.39
8800	43.18	xtal-xtal	1.29	15.34	2.14	-18.66	-4.54	-6.34
8800	48.35	bio-bio	1.29	15.34	2.14	-18.66	-4.54	-6.34
8800	6.82	xtal-bio	1.29	15.34	2.14	-18.66	-4.54	-6.34
8800	1.65	bio-xtal	1.29	15.34	2.14	-18.66	-4.54	-6.34
8800	91.53	same	1.29	15.34	2.14	-18.66	-4.54	-6.34
8800	8.47	different	1.29	15.34	2.14	-18.66	-4.54	-6.34
9000	43.27	xtal-xtal	1.27	15.34	2.13	-18.66	-4.51	-6.30
9000	48.34	bio-bio	1.27	15.34	2.13	-18.66	-4.51	-6.30
9000	6.73	xtal-bio	1.27	15.34	2.13	-18.66	-4.51	-6.30
9000	1.66	bio-xtal	1.27	15.34	2.13	-18.66	-4.51	-6.30
9000	91.61	same	1.27	15.34	2.13	-18.66	-4.51	-6.30
9000	8.39	different	1.27	15.34	2.13	-18.66	-4.51	-6.30
9200	43.33	xtal-xtal	1.25	15.34	2.11	-18.66	-4.47	-6.26
9200	48.36	bio-bio	1.25	15.34	2.11	-18.66	-4.47	-6.26
9200	6.67	xtal-bio	1.25	15.34	2.11	-18.66	-4.47	-6.26
9200	1.64	bio-xtal	1.25	15.34	2.11	-18.66	-4.47	-6.26
9200	91.68	same	1.25	15.34	2.11	-18.66	-4.47	-6.26
9200	8.32	different	1.25	15.34	2.11	-18.66	-4.47	-6.26
9400	43.31	xtal-xtal	1.22	15.34	2.09	-18.66	-4.44	-6.23
9400	48.36	bio-bio	1.22	15.34	2.09	-18.66	-4.44	-6.23
9400	6.69	xtal-bio	1.22	15.34	2.09	-18.66	-4.44	-6.23
9400	1.64	bio-xtal	1.22	15.34	2.09	-18.66	-4.44	-6.23
9400	91.67	same	1.22	15.34	2.09	-18.66	-4.44	-6.23
9400	8.33	different	1.22	15.34	2.09	-18.66	-4.44	-6.23
9600	43.38	xtal-xtal	1.20	15.34	2.07	-18.66	-4.41	-6.19
9600	48.36	bio-bio	1.20	15.34	2.07	-18.66	-4.41	-6.19
9600	6.62	xtal-bio	1.20	15.34	2.07	-18.66	-4.41	-6.19
9600	1.64	bio-xtal	1.20	15.34	2.07	-18.66	-4.41	-6.19
9600	91.74	same	1.20	15.34	2.07	-18.66	-4.41	-6.19
9600	8.26	different	1.20	15.34	2.07	-18.66	-4.41	-6.19
9800	43.45	xtal-xtal	1.18	15.34	2.05	-18.66	-4.38	-6.15
9800	48.39	bio-bio	1.18	15.34	2.05	-18.66	-4.38	-6.15
9800	6.55	xtal-bio	1.18	15.34	2.05	-18.66	-4.38	-6.15
9800	1.61	bio-xtal	1.18	15.34	2.05	-18.66	-4.38	-6.15
9800	91.84	same	1.18	15.34	2.05	-18.66	-4.38	-6.15
9800	8.16	different	1.18	15.34	2.05	-18.66	-4.38	-6.15
10000	43.51	xtal-xtal	1.16	15.34	2.03	-18.66	-4.34	-6.12
10000	48.39	bio-bio	1.16	15.34	2.03	-18.66	-4.34	-6.12
10000	6.49	xtal-bio	1.16	15.34	2.03	-18.66	-4.34	-6.12
10000	1.61	bio-xtal	1.16	15.34	2.03	-18.66	-4.34	-6.12
10000	91.90	same	1.16	15.34	2.03	-18.66	-4.34	-6.12
10000	8.10	different	1.16	15.34	2.03	-18.66	-4.34	-6.12
10200	43.57	xtal-xtal	1.14	15.34	2.02	-18.66	-4.31	-6.08
10200	48.36	bio-bio	1.14	15.34	2.02	-18.66	-4.31	-6.08
10200	6.43	xtal-bio	1.14	15.34	2.02	-18.66	-4.31	-6.08
10200	1.64	bio-xtal	1.14	15.34	2.02	-18.66	-4.31	-6.08
10200	91.93	same	1.14	15.34	2.02	-18.66	-4.31	-6.08
10200	8.07	different	1.14	15.34	2.02	-18.66	-4.31	-6.08
10400	43.58	xtal-xtal	1.12	15.34	2.00	-18.66	-4.27	-6.05
10400	48.36	bio-bio	1.12	15.34	2.00	-18.66	-4.27	-6.05
10400	6.42	xtal-bio	1.12	15.34	2.00	-18.66	-4.27	-6.05
10400	1.64	bio-xtal	1.12	15.34	2.00	-18.66	-4.27	-6.05
10400	91.93	same	1.12	15.34	2.00	-18.66	-4.27	-6.05
10400	8.07	different	1.12	15.34	2.00	-18.66	-4.27	-6.05
10600	43.59	xtal-xtal	1.11	15.34	1.98	-18.66	-4.24	-6.01
10600	48.38	bio-bio	1.11	15.34	1.98	-18.66	-4.24	-6.01
10600	6.41	xtal-bio	1.11	15.34	1.98	-18.66	-4.24	-6.01
10600	1.62	bio-xtal	1.11	15.34	1.98	-18.66	-4.24	-6.01
10600	91.97	same	1.11	15.34	1.98	-18.66	-4.24	-6.01
10600	8.03	different	1.11	15.34	1.98	-18.66	-4.24	-6.01
10800	43.62	xtal-xtal	1.09	15.34	1.97	-18.66	-4.21	-5.98
10800	48.35	bio-bio	1.09	15.34	1.97	-18.66	-4.21	-5.98
10800	6.38	xtal-bio	1.09	15.34	1.97	-18.66	-4.21	-5.98
10800	1.65	bio-xtal	1.09	15.34	1.97	-18.66	-4.21	-5.98
10800	91.97	same	1.09	15.34	1.97	-18.66	-4.21	-5.98
10800	8.03	different	1.09	15.34	1.97	-18.66	-4.21	-5.98
11000	43.61	xtal-xtal	1.07	15.34	1.95	-18.66	-4.19	-5.95
11000	48.36	bio-bio	1.07	15.34	1.95	-18.66	-4.19	-5.95
11000	6.39	xtal-bio	1.07	15.34	1.95	-18.66	-4.19	-5.95
11000	1.64	bio-xtal	1.07	15.34	1.95	-18.66	-4.19	-5.95
11000	91.97	same	1.07	15.34	1.95	-18.66	-4.19	-5.95
11000	8.03	different	1.07	15.34	1.95	-18.66	-4.19	-5.95
11200	43.65	xtal-xtal	1.05	15.34	1.93	-18.66	-4.16	-5.92
11200	48.37	bio-bio	1.05	15.34	1.93	-18.66	-4.16	-5.92
11200	6.35	xtal-bio	1.05	15.34	1.93	-18.66	-4.16	-5.92
11200	1.63	bio-xtal	1.05	15.34	1.93	-18.66	-4.16	-5.92
11200	92.02	same	1.05	15.34	1.93	-18.66	-4.16	-5.92
11200	7.98	different	1.05	15.34	1.93	-18.66	-4.16	-5.92
11400	43.62	xtal-xtal	1.03	15.34	1.92	-18.66	-4.13	-5.88
11400	48.35	bio-bio	1.03	15.34	1.92	-18.66	-4.13	-5.88
11400	6.38	xtal-bio	1.03	15.34	1.92	-18.66	-4.13	-5.88
11400	1.65	bio-xtal	1.03	15.34	1.92	-18.66	-4.13	-5.88
11400	91.97	same	1.03	15.34	1.92	-18.66	-4.13	-5.88
11400	8.03	different	1.03	15.34	1.92	-18.66	-4.13	-5.88
11600	43.61	xtal-xtal	1.02	15.34	1.90	-18.66	-4.11	-5.85
11600	48.34	bio-bio	1.02	15.34	1.90	-18.66	-4.11	-5.85
11600	6.39	xtal-bio	1.02	15.34	1.90	-18.66	-4.11	-5.85
11600	1.66	bio-xtal	1.02	15.34	1.90	-18.66	-4.11	-5.85
11600	91.95	same	1.02	15.34	1.90	-18.66	-4.11	-5.85
11600	8.05	different	1.02	15.34	1.90	-18.66	-4.11	-5.85
11800	43.63	xtal-xtal	1.00	15.34	1.89	-18.66	-4.08	-5.82
11800	48.31	bio-bio	1.00	15.34	1.89	-18.66	-4.08	-5.82
11800	6.37	xtal-bio	1.00	15.34	1.89	-18.66	-4.08	-5.82
11800	1.69	bio-xtal	1.00	15.34	1.89	-18.66	-4.08	-5.82
11800	91.94	same	1.00	15.34	1.89	-18.66	-4.08	-5.82
11800	8.06	different	1.00	15.34	1.89	-18.66	-4.08	-5.82
12000	43.62	xtal-xtal	0.98	15.34	1.87	-18.66	-4.06	-5.79
12000	48.30	bio-bio	0.98	15.34	1.87	-18.66	-4.06	-5.79
12000	6.38	xtal-bio	0.98	15.34	1.87	-18.66	-4.06	-5.79
12000	1.70	bio-xtal	0.98	15.34	1.87	-18.66	-4.06	-5.79
12000	91.92	same	0.98	15.34	1.87	-18.66	-4.06	-5.79
12000	8.08	different	0.98	15.34	1.87	-18.66	-4.06	-5.79
12200	43.68	xtal-xtal	0.96	15.34	1.86	-18.66	-4.02	-5.77
12200	48.28	bio-bio	0.96	15.34	1.86	-18.66	-4.02	-5.77
12200	6.32	xtal-bio	0.96	15.34	1.86	-18.66	-4.02	-5.77
12200	1.72	bio-xtal	0.96	15.34	1.86	-18.66	-4.02	-5.77
12200	91.96	same	0.96	15.34	1.86	-18.66	-4.02	-5.77
12200	8.04	different	0.96	15.34	1.86	-18.66	-4.02	-5.77
12400	43.66	xtal-xtal	0.94	15.34	1.84	-18.66	-4.00	-5.74
12400	48.27	bio-bio	0.94	15.34	1.84	-18.66	-4.00	-5.74
12400	6.34	xtal-bio	0.94	15.34	1.84	-18.66	-4.00	-5.74
12400	1.73	bio-xtal	0.94	15.34	1.84	-18.66	-4.00	-5.74
12400	91.93	same	0.94	15.34	1.84	-18.66	-4.00	-5.74
12400	8.07	different	0.94	15.34	1.84	-18.66	-4.00	-5.74
12600	43.67	xtal-xtal	0.93	15.34	1.83	-18.66	-3.97	-5.71
12600	48.29	bio-bio	0.93	15.34	1.83	-18.66	-3.97	-5.71
12600	6.33	xtal-bio	0.93	15.34	1.83	-18.66	-3.97	-5.71
12600	1.71	bio-xtal	0.93	15.34	1.83	-18.66	-3.97	-5.71
12600	91.95	same	0.93	15.34	1.83	-18.66	-3.97	-5.71
12600	8.05	different	0.93	15.34	1.83	-18.66	-3.97	-5.71
12800	43.60	xtal-xtal	0.91	15.34	1.81	-18.66	-3.95	-5.68
12800	48.27	bio-bio	0.91	15.34	1.81	-18.66	-3.95	-5.68
12800	6.40	xtal-bio	0.91	15.34	1.81	-18.66	-3.95	-5.68
12800	1.73	bio-xtal	0.91	15.34	1.81	-18.66	-3.95	-5.68
12800	91.87	same	0.91	15.34	1.81	-18.66	-3.95	-5.68
12800	8.13	different	0.91	15.34	1.81	-18.66	-3.95	-5.68
13000	43.60	xtal-xtal	0.89	15.34	1.80	-18.66	-3.93	-5.66
13000	48.26	bio-bio	0.89	15.34	1.80	-18.66	-3.93	-5.66
13000	6.40	xtal-bio	0.89	15.34	1.80	-18.66	-3.93	-5.66
13000	1.74	bio-xtal	0.89	15.34	1.80	-18.66	-3.93	-5.66
13000	91.86	same	0.89	15.34	1.80	-18.66	-3.93	-5.66
13000	8.14	different	0.89	15.34	1.80	-18.66	-3.93	-5.66
13200	43.58	xtal-xtal	0.87	15.34	1.79	-18.66	-3.91	-5.63
13200	48.24	bio-bio	0.87	15.34	1.79	-18.66	-3.91	-5.63
13200	6.42	xtal-bio	0.87	15.34	1.79	-18.66	-3.91	-5.63
13200	1.76	bio-xtal	0.87	15.34	1.79	-18.66	-3.91	-5.63
13200	91.82	same	0.87	15.34	1.79	-18.66	-3.91	-5.63
13200	8.18	different	0.87	15.34	1.79	-18.66	-3.91	-5.63
13400	43.57	xtal-xtal	0.86	15.34	1.77	-18.66	-3.88	-5.60
13400	48.24	bio-bio	0.86	15.34	1.77	-18.66	-3.88	-5.60
13400	6.43	xtal-bio	0.86	15.34	1.77	-18.66	-3.88	-5.60
13400	1.76	bio-xtal	0.86	15.34	1.77	-18.66	-3.88	-5.60
13400	91.81	same	0.86	15.34	1.77	-18.66	-3.88	-5.60
13400	8.19	different	0.86	15.34	1.77	-18.66	-3.88	-5.60
13600	43.54	xtal-xtal	0.84	15.34	1.76	-18.66	-3.86	-5.58
13600	48.24	bio-bio	0.84	15.34	1.76	-18.66	-3.86	-5.58
13600	6.46	xtal-bio	0.84	15.34	1.76	-18.66	-3.86	-5.58
13600	1.76	bio-xtal	0.84	15.34	1.76	-18.66	-3.86	-5.58
13600	91.78	same	0.84	15.34	1.76	-18.66	-3.86	-5.58
13600	8.22	different	0.84	15.34	1.76	-18.66	-3.86	-5.58
13800	43.51	xtal-xtal	0.82	15.34	1.75	-18.66	-3.83	-5.55
13800	48.23	bio-bio	0.82	15.34	1.75	-18.66	-3.83	-5.55
13800	6.49	xtal-bio	0.82	15.34	1.75	-18.66	-3.83	-5.55
13800	1.77	bio-xtal	0.82	15.34	1.75	-18.66	-3.83	-5.55
13800	91.74	same	0.82	15.34	1.75	-18.66	-3.83	-5.55
13800	8.26	different	0.82	15.34	1.75	-18.66	-3.83	-5.55
14000	43.56	xtal-xtal	0.80	15.34	1.73	-18.66	-3.82	-5.53
14000	48.24	bio-bio	0.80	15.34	1.73	-18.66	-3.82	-5.53
14000	6.44	xtal-bio	0.80	15.34	1.73	-18.66	-3.82	-5.53
14000	1.76	bio-xtal	0.80	15.34	1.73	-18.66	-3.82	-5.53
14000	91.80	same	0.80	15.34	1.73	-18.66	-3.82	-5.53
14000	8.20	different	0.80	15.34	1.73	-18.66	-3.82	-5.53
14200	43.57	xtal-xtal	0.79	15.34	1.72	-18.66	-3.80	-5.50
14200	48.25	bio-bio	0.79	15.34	1.72	-18.66	-3.80	-5.50
14200	6.43	xtal-bio	0.79	15.34	1.72	-18.66	-3.80	-5.50
14200	1.75	bio-xtal	0.79	15.34	1.72	-18.66	-3.80	-5.50
14200	91.82	same	0.79	15.34	1.72	-18.66	-3.80	-5.50
14200	8.18	different	0.79	15.34	1.72	-18.66	-3.80	-5.50
14400	43.59	xtal-xtal	0.77	15.34	1.71	-18.66	-3.78	-5.48
14400	48.23	bio-bio	0.77	15.34	1.71	-18.66	-3.78	-5.48
14400	6.41	xtal-bio	0.77	15.34	1.71	-18.66	-3.78	-5.48
14400	1.77	bio-xtal	0.77	15.34	1.71	-18.66	-3.78	-5.48
14400	91.82	same	0.77	15.34	1.71	-18.66	-3.78	-5.48
14400	8.18	different	0.77	15.34	1.71	-18.66	-3.78	-5.48
14600	43.58	xtal-xtal	0.75	15.34	1.69	-18.66	-3.76	-5.46
14600	48.20	bio-bio	0.75	15.34	1.69	-18.66	-3.76	-5.46
14600	6.42	xtal-bio	0.75	15.34	1.69	-18.66	-3.76	-5.46
14600	1.80	bio-xtal	0.75	15.34	1.69	-18.66	-3.76	-5.46
14600	91.78	same	0.75	15.34	1.69	-18.66	-3.76	-5.46
14600	8.22	different	0.75	15.34	1.69	-18.66	-3.76	-5.46
14800	43.61	xtal-xtal	0.74	15.34	1.68	-18.66	-3.74	-5.43
14800	48.16	bio-bio	0.74	15.34	1.68	-18.66	-3.74	-5.43
14800	6.39	xtal-bio	0.74	15.34	1.68	-18.66	-3.74	-5.43
14800	1.84	bio-xtal	0.74	15.34	1.68	-18.66	-3.74	-5.43
14800	91.76	same	0.74	15.34	1.68	-18.66	-3.74	-5.43
14800	8.24	different	0.74	15.34	1.68	-18.66	-3.74	-5.43
15000	43.60	xtal-xtal	0.72	15.34	1.67	-18.66	-3.72	-5.41
15000	48.14	bio-bio	0.72	15.34	1.67	-18.66	-3.72	-5.41
15000	6.40	xtal-bio	0.72	15.34	1.67	-18.66	-3.72	-5.41
15000	1.86	bio-xtal	0.72	15.34	1.67	-18.66	-3.72	-5.41
15000	91.74	same	0.72	15.34	1.67	-18.66	-3.72	-5.41
15000	8.26	different	0.72	15.34	1.67	-18.66	-3.72	-5.41
15200	43.57	xtal-xtal	0.70	15.34	1.66	-18.66	-3.70	-5.39
15200	48.13	bio-bio	0.70	15.34	1.66	-18.66	-3.70	-5.39
15200	6.43	xtal-bio	0.70	15.34	1.66	-18.66	-3.70	-5.39
15200	1.87	bio-xtal	0.70	15.34	1.66	-18.66	-3.70	-5.39
15200	91.70	same	0.70	15.34	1.66	-18.66	-3.70	-5.39
15200	8.30	different	0.70	15.34	1.66	-18.66	-3.70	-5.39
15400	43.58	xtal-xtal	0.68	15.34	1.64	-18.66	-3.68	-5.37
15400	48.14	bio-bio	0.68	15.34	1.64	-18.66	-3.68	-5.37
15400	6.42	xtal-bio	0.68	15.34	1.64	-18.66	-3.68	-5.37
15400	1.86	bio-xtal	0.68	15.34	1.64	-18.66	-3.68	-5.37
15400	91.71	same	0.68	15.34	1.64	-18.66	-3.68	-5.37
15400	8.29	different	0.68	15.34	1.64	-18.66	-3.68	-5.37
15600	43.56	xtal-xtal	0.66	15.34	1.63	-18.66	-3.66	-5.34
15600	48.11	bio-bio	0.66	15.34	1.63	-18.66	-3.66	-5.34
15600	6.44	xtal-bio	0.66	15.34	1.63	-18.66	-3.66	-5.34
15600	1.89	bio-xtal	0.66	15.34	1.63	-18.66	-3.66	-5.34
15600	91.67	same	0.66	15.34	1.63	-18.66	-3.66	-5.34
15600	8.33	different	0.66	15.34	1.63	-18.66	-3.66	-5.34
15800	43.53	xtal-xtal	0.65	15.34	1.62	-18.66	-3.64	-5.32
15800	48.09	bio-bio	0.65	15.34	1.62	-18.66	-3.64	-5.32
15800	6.47	xtal-bio	0.65	15.34	1.62	-18.66	-3.64	-5.32
15800	1.91	bio-xtal	0.65	15.34	1.62	-18.66	-3.64	-5.32
15800	91.63	same	0.65	15.34	1.62	-18.66	-3.64	-5.32
15800	8.37	different	0.65	15.34	1.62	-18.66	-3.64	-5.32
16000	43.51	xtal-xtal	0.64	15.34	1.61	-18.66	-3.63	-5.30
16000	48.11	bio-bio	0.64	15.34	1.61	-18.66	-3.63	-5.30
16000	6.49	xtal-bio	0.64	15.34	1.61	-18.66	-3.63	-5.30
16000	1.89	bio-xtal	0.64	15.34	1.61	-18.66	-3.63	-5.30
16000	91.61	same	0.64	15.34	1.61	-18.66	-3.63	-5.30
16000	8.39	different	0.64	15.34	1.61	-18.66	-3.63	-5.30
16200	43.50	xtal-xtal	0.62	15.34	1.59	-18.66	-3.61	-5.28
16200	48.12	bio-bio	0.62	15.34	1.59	-18.66	-3.61	-5.28
16200	6.50	xtal-bio	0.62	15.34	1.59	-18.66	-3.61	-5.28
16200	1.88	bio-xtal	0.62	15.34	1.59	-18.66	-3.61	-5.28
16200	91.62	same	0.62	15.34	1.59	-18.66	-3.61	-5.28
16200	8.38	different	0.62	15.34	1.59	-18.66	-3.61	-5.28
16400	43.51	xtal-xtal	0.60	15.34	1.58	-18.66	-3.59	-5.26
16400	48.12	bio-bio	0.60	15.34	1.58	-18.66	-3.59	-5.26
16400	6.49	xtal-bio	0.60	15.34	1.58	-18.66	-3.59	-5.26
16400	1.88	bio-xtal	0.60	15.34	1.58	-18.66	-3.59	-5.26
16400	91.63	same	0.60	15.34	1.58	-18.66	-3.59	-5.26
16400	8.37	different	0.60	15.34	1.58	-18.66	-3.59	-5.26
16600	43.46	xtal-xtal	0.59	15.34	1.57	-18.66	-3.57	-5.24
16600	48.10	bio-bio	0.59	15.34	1.57	-18.66	-3.57	-5.24
16600	6.54	xtal-bio	0.59	15.34	1.57	-18.66	-3.57	-5.24
16600	1.90	bio-xtal	0.59	15.34	1.57	-18.66	-3.57	-5.24
16600	91.56	same	0.59	15.34	1.57	-18.66	-3.57	-5.24
16600	8.44	different	0.59	15.34	1.57	-18.66	-3.57	-5.24
16800	43.42	xtal-xtal	0.57	15.34	1.56	-18.66	-3.55	-5.22
16800	48.09	bio-bio	0.57	15.34	1.56	-18.66	-3.55	-5.22
16800	6.58	xtal-bio	0.57	15.34	1.56	-18.66	-3.55	-5.22
16800	1.91	bio-xtal	0.57	15.34	1.56	-18.66	-3.55	-5.22
16800	91.51	same	0.57	15.34	1.56	-18.66	-3.55	-5.22
16800	8.49	different	0.57	15.34	1.56	-18.66	-3.55	-5.22
17000	43.44	xtal-xtal	0.56	15.34	1.55	-18.66	-3.54	-5.20
17000	48.09	bio-bio	0.56	15.34	1.55	-18.66	-3.54	-5.20
17000	6.56	xtal-bio	0.56	15.34	1.55	-18.66	-3.54	-5.20
17000	1.91	bio-xtal	0.56	15.34	1.55	-18.66	-3.54	-5.20
17000	91.52	same	0.56	15.34	1.55	-18.66	-3.54	-5.20
17000	8.48	different	0.56	15.34	1.55	-18.66	-3.54	-5.20
17200	43.44	xtal-xtal	0.54	15.34	1.53	-18.66	-3.52	-5.18
17200	48.06	bio-bio	0.54	15.34	1.53	-18.66	-3.52	-5.18
17200	6.56	xtal-bio	0.54	15.34	1.53	-18.66	-3.52	-5.18
17200	1.94	bio-xtal	0.54	15.34	1.53	-18.66	-3.52	-5.18
17200	91.50	same	0.54	15.34	1.53	-18.66	-3.52	-5.18
17200	8.50	different	0.54	15.34	1.53	-18.66	-3.52	-5.18
17400	43.44	xtal-xtal	0.53	15.34	1.52	-18.66	-3.50	-5.16
17400	48.06	bio-bio	0.53	15.34	1.52	-18.66	-3.50	-5.16
17400	6.56	xtal-bio	0.53	15.34	1.52	-18.66	-3.50	-5.16
17400	1.94	bio-xtal	0.53	15.34	1.52	-18.66	-3.50	-5.16
17400	91.49	same	0.53	15.34	1.52	-18.66	-3.50	-5.16
17400	8.51	different	0.53	15.34	1.52	-18.66	-3.50	-5.16
17600	43.43	xtal-xtal	0.51	15.34	1.51	-18.66	-3.49	-5.14
17600	48.06	bio-bio	0.51	15.34	1.51	-18.66	-3.49	-5.14
17600	6.57	xtal-bio	0.51	15.34	1.51	-18.66	-3.49	-5.14
17600	1.94	bio-xtal	0.51	15.34	1.51	-18.66	-3.49	-5.14
17600	91.48	same	0.51	15.34	1.51	-18.66	-3.49	-5.14
17600	8.52	different	0.51	15.34	1.51	-18.66	-3.49	-5.14
17800	43.39	xtal-xtal	0.50	15.34	1.50	-18.66	-3.47	-5.12
17800	48.06	bio-bio	0.50	15.34	1.50	-18.66	-3.47	-5.12
17800	6.61	xtal-bio	0.50	15.34	1.50	-18.66	-3.47	-5.12
17800	1.94	bio-xtal	0.50	15.34	1.50	-18.66	-3.47	-5.12
17800	91.46	same	0.50	15.34	1.50	-18.66	-3.47	-5.12
17800	8.54	different	0.50	15.34	1.50	-18.66	-3.47	-5.12
18000	43.36	xtal-xtal	0.49	15.34	1.49	-18.66	-3.46	-5.11
18000	48.07	bio-bio	0.49	15.34	1.49	-18.66	-3.46	-5.11
18000	6.64	xtal-bio	0.49	15.34	1.49	-18.66	-3.46	-5.11
18000	1.93	bio-xtal	0.49	15.34	1.49	-18.66	-3.46	-5.11
18000	91.42	same	0.49	15.34	1.49	-18.66	-3.46	-5.11
18000	8.58	different	0.49	15.34	1.49	-18.66	-3.46	-5.11
18200	43.33	xtal-xtal	0.47	15.34	1.48	-18.66	-3.44	-5.09
18200	48.04	bio-bio	0.47	15.34	1.48	-18.66	-3.44	-5.09
18200	6.67	xtal-bio	0.47	15.34	1.48	-18.66	-3.44	-5.09
18200	1.96	bio-xtal	0.47	15.34	1.48	-18.66	-3.44	-5.09
18200	91.37	same	0.47	15.34	1.48	-18.66	-3.44	-5.09
18200	8.63	different	0.47	15.34	1.48	-18.66	-3.44	-5.09
18400	43.32	xtal-xtal	0.46	15.34	1.47	-18.66	-3.43	-5.07
18400	48.03	bio-bio	0.46	15.34	1.47	-18.66	-3.43	-5.07
18400	6.68	xtal-bio	0.46	15.34	1.47	-18.66	-3.43	-5.07
18400	1.97	bio-xtal	0.46	15.34	1.47	-18.66	-3.43	-5.07
18400	91.35	same	0.46	15.34	1.47	-18.66	-3.43	-5.07
18400	8.65	different	0.46	15.34	1.47	-18.66	-3.43	-5.07
18600	43.26	xtal-xtal	0.44	15.34	1.46	-18.66	-3.41	-5.05
18600	48.03	bio-bio	0.44	15.34	1.46	-18.66	-3.41	-5.05
18600	6.74	xtal-bio	0.44	15.34	1.46	-18.66	-3.41	-5.05
18600	1.97	bio-xtal	0.44	15.34	1.46	-18.66	-3.41	-5.05
18600	91.30	same	0.44	15.34	1.46	-18.66	-3.41	-5.05
18600	8.70	different	0.44	15.34	1.46	-18.66	-3.41	-5.05
18800	43.25	xtal-xtal	0.42	15.34	1.45	-18.66	-3.39	-5.03
18800	48.02	bio-bio	0.42	15.34	1.45	-18.66	-3.39	-5.03
18800	6.75	xtal-bio	0.42	15.34	1.45	-18.66	-3.39	-5.03
18800	1.98	bio-xtal	0.42	15.34	1.45	-18.66	-3.39	-5.03
18800	91.27	same	0.42	15.34	1.45	-18.66	-3.39	-5.03
18800	8.73	different	0.42	15.34	1.45	-18.66	-3.39	-5.03
19000	43.22	xtal-xtal	0.41	15.34	1.43	-18.66	-3.38	-5.02
19000	48.02	bio-bio	0.41	15.34	1.43	-18.66	-3.38	-5.02
19000	6.78	xtal-bio	0.41	15.34	1.43	-18.66	-3.38	-5.02
19000	1.98	bio-xtal	0.41	15.34	1.43	-18.66	-3.38	-5.02
19000	91.24	same	0.41	15.34	1.43	-18.66	-3.38	-5.02
19000	8.76	different	0.41	15.34	1.43	-18.66	-3.38	-5.02
19200	43.20	xtal-xtal	0.39	15.34	1.42	-18.66	-3.36	-5.00
19200	48.01	bio-bio	0.39	15.34	1.42	-18.66	-3.36	-5.00
19200	6.80	xtal-bio	0.39	15.34	1.42	-18.66	-3.36	-5.00
19200	1.99	bio-xtal	0.39	15.34	1.42	-18.66	-3.36	-5.00
19200	91.20	same	0.39	15.34	1.42	-18.66	-3.36	-5.00
19200	8.80	different	0.39	15.34	1.42	-18.66	-3.36	-5.00
19400	43.19	xtal-xtal	0.38	15.34	1.41	-18.66	-3.35	-4.98
19400	47.99	bio-bio	0.38	15.34	1.41	-18.66	-3.35	-4.98
19400	6.81	xtal-bio	0.38	15.34	1.41	-18.66	-3.35	-4.98
19400	2.01	bio-xtal	0.38	15.34	1.41	-18.66	-3.35	-4.98
19400	91.18	same	0.38	15.34	1.41	-18.66	-3.35	-4.98
19400	8.82	different	0.38	15.34	1.41	-18.66	-3.35	-4.98
19600	43.19	xtal-xtal	0.36	15.34	1.40	-18.66	-3.33	-4.97
19600	47.97	bio-bio	0.36	15.34	1.40	-18.66	-3.33	-4.97
19600	6.81	xtal-bio	0.36	15.34	1.40	-18.66	-3.33	-4.97
19600	2.03	bio-xtal	0.36	15.34	1.40	-18.66	-3.33	-4.97
19600	91.16	same	0.36	15.34	1.40	-18.66	-3.33	-4.97
19600	8.84	different	0.36	15.34	1.40	-18.66	-3.33	-4.97
19800	43.19	xtal-xtal	0.34	15.34	1.39	-18.66	-3.32	-4.95
19800	47.96	bio-bio	0.34	15.34	1.39	-18.66	-3.32	-4.95
19800	6.81	xtal-bio	0.34	15.34	1.39	-18.66	-3.32	-4.95
19800	2.04	bio-xtal	0.34	15.34	1.39	-18.66	-3.32	-4.95
19800	91.15	same	0.34	15.34	1.39	-18.66	-3.32	-4.95
19800	8.85	different	0.34	15.34	1.39	-18.66	-3.32	-4.95
20000	43.21	xtal-xtal	0.33	15.34	1.38	-18.66	-3.30	-4.93
20000	47.95	bio-bio	0.33	15.34	1.38	-18.66	-3.30	-4.93
20000	6.79	xtal-bio	0.33	15.34	1.38	-18.66	-3.30	-4.93
20000	2.04	bio-xtal	0.33	15.34	1.38	-18.66	-3.30	-4.93
20000	91.16	same	0.33	15.34	1.38	-18.66	-3.30	-4.93
20000	8.83	different	0.33	15.34	1.38	-18.66	-3.30	-4.93
20200	43.20	xtal-xtal	0.31	15.34	1.37	-18.66	-3.28	-4.92
20200	47.94	bio-bio	0.31	15.34	1.37	-18.66	-3.28	-4.92
20200	6.80	xtal-bio	0.31	15.34	1.37	-18.66	-3.28	-4.92
20200	2.06	bio-xtal	0.31	15.34	1.37	-18.66	-3.28	-4.92
20200	91.14	same	0.31	15.34	1.37	-18.66	-3.28	-4.92
20200	8.86	different	0.31	15.34	1.37	-18.66	-3.28	-4.92
20400	43.20	xtal-xtal	0.30	15.34	1.36	-18.66	-3.27	-4.90
20400	47.92	bio-bio	0.30	15.34	1.36	-18.66	-3.27	-4.90
20400	6.80	xtal-bio	0.30	15.34	1.36	-18.66	-3.27	-4.90
20400	2.08	bio-xtal	0.30	15.34	1.36	-18.66	-3.27	-4.90
20400	91.12	same	0.30	15.34	1.36	-18.66	-3.27	-4.90
20400	8.88	different	0.30	15.34	1.36	-18.66	-3.27	-4.90
20600	43.17	xtal-xtal	0.28	15.34	1.35	-18.66	-3.26	-4.89
20600	47.90	bio-bio	0.28	15.34	1.35	-18.66	-3.26	-4.89
20600	6.83	xtal-bio	0.28	15.34	1.35	-18.66	-3.26	-4.89
20600	2.10	bio-xtal	0.28	15.34	1.35	-18.66	-3.26	-4.89
20600	91.07	same	0.28	15.34	1.35	-18.66	-3.26	-4.89
20600	8.93	different	0.28	15.34	1.35	-18.66	-3.26	-4.89
20800	43.15	xtal-xtal	0.27	15.34	1.34	-18.66	-3.24	-4.87
20800	47.90	bio-bio	0.27	15.34	1.34	-18.66	-3.24	-4.87
20800	6.85	xtal-bio	0.27	15.34	1.34	-18.66	-3.24	-4.87
20800	2.10	bio-xtal	0.27	15.34	1.34	-18.66	-3.24	-4.87
20800	91.05	same	0.27	15.34	1.34	-18.66	-3.24	-4.87
20800	8.95	different	0.27	15.34	1.34	-18.66	-3.24	-4.87
21000	43.15	xtal-xtal	0.25	15.34	1.33	-18.66	-3.23	-4.85
21000	47.87	bio-bio	0.25	15.34	1.33	-18.66	-3.23	-4.85
21000	6.85	xtal-bio	0.25	15.34	1.33	-18.66	-3.23	-4.85
21000	2.13	bio-xtal	0.25	15.34	1.33	-18.66	-3.23	-4.85
21000	91.01	same	0.25	15.34	1.33	-18.66	-3.23	-4.85
21000	8.99	different	0.25	15.34	1.33	-18.66	-3.23	-4.85
21200	43.13	xtal-xtal	0.24	15.34	1.32	-18.66	-3.21	-4.84
21200	47.85	bio-bio	0.24	15.34	1.32	-18.66	-3.21	-4.84
21200	6.87	xtal-bio	0.24	15.34	1.32	-18.66	-3.21	-4.84
21200	2.15	bio-xtal	0.24	15.34	1.32	-18.66	-3.21	-4.84
21200	90.98	same	0.24	15.34	1.32	-18.66	-3.21	-4.84
21200	9.02	different	0.24	15.34	1.32	-18.66	-3.21	-4.84
21400	43.11	xtal-xtal	0.22	15.34	1.31	-18.66	-3.20	-4.82
21400	47.85	bio-bio	0.22	15.34	1.31	-18.66	-3.20	-4.82
21400	6.89	xtal-bio	0.22	15.34	1.31	-18.66	-3.20	-4.82
21400	2.15	bio-xtal	0.22	15.34	1.31	-18.66	-3.20	-4.82
21400	90.96	same	0.22	15.34	1.31	-18.66	-3.20	-4.82
21400	9.04	different	0.22	15.34	1.31	-18.66	-3.20	-4.82
21600	43.12	xtal-xtal	0.21	15.34	1.30	-18.66	-3.19	-4.81
21600	47.79	bio-bio	0.21	15.34	1.30	-18.66	-3.19	-4.81
21600	6.88	xtal-bio	0.21	15.34	1.30	-18.66	-3.19	-4.81
21600	2.21	bio-xtal	0.21	15.34	1.30	-18.66	-3.19	-4.81
21600	90.91	same	0.21	15.34	1.30	-18.66	-3.19	-4.81
21600	9.09	different	0.21	15.34	1.30	-18.66	-3.19	-4.81
21800	43.07	xtal-xtal	0.20	15.34	1.29	-18.66	-3.17	-4.79
21800	47.76	bio-bio	0.20	15.34	1.29	-18.66	-3.17	-4.79
21800	6.93	xtal-bio	0.20	15.34	1.29	-18.66	-3.17	-4.79
21800	2.24	bio-xtal	0.20	15.34	1.29	-18.66	-3.17	-4.79
21800	90.83	same	0.20	15.34	1.29	-18.66	-3.17	-4.79
21800	9.17	different	0.20	15.34	1.29	-18.66	-3.17	-4.79
22000	43.05	xtal-xtal	0.18	15.34	1.28	-18.66	-3.15	-4.78
22000	47.73	bio-bio	0.18	15.34	1.28	-18.66	-3.15	-4.78
22000	6.95	xtal-bio	0.18	15.34	1.28	-18.66	-3.15	-4.78
22000	2.27	bio-xtal	0.18	15.34	1.28	-18.66	-3.15	-4.78
22000	90.78	same	0.18	15.34	1.28	-18.66	-3.15	-4.78
22000	9.22	different	0.18	15.34	1.28	-18.66	-3.15	-4.78
22200	43.03	xtal-xtal	0.17	15.34	1.27	-18.66	-3.14	-4.76
22200	47.70	bio-bio	0.17	15.34	1.27	-18.66	-3.14	-4.76
22200	6.97	xtal-bio	0.17	15.34	1.27	-18.66	-3.14	-4.76
22200	2.30	bio-xtal	0.17	15.34	1.27	-18.66	-3.14	-4.76
22200	90.73	same	0.17	15.34	1.27	-18.66	-3.14	-4.76
22200	9.27	different	0.17	15.34	1.27	-18.66	-3.14	-4.76
22400	42.98	xtal-xtal	0.15	15.34	1.26	-18.66	-3.12	-4.75
22400	47.68	bio-bio	0.15	15.34	1.26	-18.66	-3.12	-4.75
22400	7.02	xtal-bio	0.15	15.34	1.26	-18.66	-3.12	-4.75
22400	2.32	bio-xtal	0.15	15.34	1.26	-18.66	-3.12	-4.75
22400	90.66	same	0.15	15.34	1.26	-18.66	-3.12	-4.75
22400	9.34	different	0.15	15.34	1.26	-18.66	-3.12	-4.75
22600	42.93	xtal-xtal	0.13	15.34	1.25	-18.66	-3.11	-4.73
22600	47.66	bio-bio	0.13	15.34	1.25	-18.66	-3.11	-4.73
22600	7.07	xtal-bio	0.13	15.34	1.25	-18.66	-3.11	-4.73
22600	2.34	bio-xtal	0.13	15.34	1.25	-18.66	-3.11	-4.73
22600	90.59	same	0.13	15.34	1.25	-18.66	-3.11	-4.73
22600	9.41	different	0.13	15.34	1.25	-18.66	-3.11	-4.73
22800	42.93	xtal-xtal	0.12	15.34	1.24	-18.66	-3.09	-4.72
22800	47.62	bio-bio	0.12	15.34	1.24	-18.66	-3.09	-4.72
22800	7.07	xtal-bio	0.12	15.34	1.24	-18.66	-3.09	-4.72
22800	2.38	bio-xtal	0.12	15.34	1.24	-18.66	-3.09	-4.72
22800	90.55	same	0.12	15.34	1.24	-18.66	-3.09	-4.72
22800	9.45	different	0.12	15.34	1.24	-18.66	-3.09	-4.72
23000	42.89	xtal-xtal	0.10	15.34	1.23	-18.66	-3.08	-4.71
23000	47.59	bio-bio	0.10	15.34	1.23	-18.66	-3.08	-4.71
23000	7.11	xtal-bio	0.10	15.34	1.23	-18.66	-3.08	-4.71
23000	2.41	bio-xtal	0.10	15.34	1.23	-18.66	-3.08	-4.71
23000	90.48	same	0.10	15.34	1.23	-18.66	-3.08	-4.71
23000	9.52	different	0.10	15.34	1.23	-18.66	-3.08	-4.71
23200	42.84	xtal-xtal	0.09	15.34	1.22	-18.66	-3.06	-4.69
23200	47.59	bio-bio	0.09	15.34	1.22	-18.66	-3.06	-4.69
23200	7.16	xtal-bio	0.09	15.34	1.22	-18.66	-3.06	-4.69
23200	2.41	bio-xtal	0.09	15.34	1.22	-18.66	-3.06	-4.69
23200	90.43	same	0.09	15.34	1.22	-18.66	-3.06	-4.69
23200	9.57	different	0.09	15.34	1.22	-18.66	-3.06	-4.69
23400	42.81	xtal-xtal	0.07	15.34	1.21	-18.66	-3.05	-4.68
23400	47.56	bio-bio	0.07	15.34	1.21	-18.66	-3.05	-4.68
23400	7.19	xtal-bio	0.07	15.34	1.21	-18.66	-3.05	-4.68
23400	2.44	bio-xtal	0.07	15.34	1.21	-18.66	-3.05	-4.68
23400	90.37	same	0.07	15.34	1.21	-18.66	-3.05	-4.68
23400	9.63	different	0.07	15.34	1.21	-18.66	-3.05	-4.68
23600	42.77	xtal-xtal	0.06	15.34	1.20	-18.66	-3.04	-4.66
23600	47.51	bio-bio	0.06	15.34	1.20	-18.66	-3.04	-4.66
23600	7.23	xtal-bio	0.06	15.34	1.20	-18.66	-3.04	-4.66
23600	2.49	bio-xtal	0.06	15.34	1.20	-18.66	-3.04	-4.66
23600	90.28	same	0.06	15.34	1.20	-18.66	-3.04	-4.66
23600	9.72	different	0.06	15.34	1.20	-18.66	-3.04	-4.66
23800	42.74	xtal-xtal	0.05	15.34	1.19	-18.66	-3.02	-4.65
23800	47.50	bio-bio	0.05	15.34	1.19	-18.66	-3.02	-4.65
23800	7.26	xtal-bio	0.05	15.34	1.19	-18.66	-3.02	-4.65
23800	2.50	bio-xtal	0.05	15.34	1.19	-18.66	-3.02	-4.65
23800	90.25	same	0.05	15.34	1.19	-18.66	-3.02	-4.65
23800	9.75	different	0.05	15.34	1.19	-18.66	-3.02	-4.65
24000	42.68	xtal-xtal	0.03	15.34	1.18	-18.66	-3.01	-4.64
24000	47.47	bio-bio	0.03	15.34	1.18	-18.66	-3.01	-4.64
24000	7.32	xtal-bio	0.03	15.34	1.18	-18.66	-3.01	-4.64
24000	2.53	bio-xtal	0.03	15.34	1.18	-18.66	-3.01	-4.64
24000	90.15	same	0.03	15.34	1.18	-18.66	-3.01	-4.64
24000	9.85	different	0.03	15.34	1.18	-18.66	-3.01	-4.64
24200	42.65	xtal-xtal	0.02	15.34	1.17	-18.66	-3.00	-4.62
24200	47.48	bio-bio	0.02	15.34	1.17	-18.66	-3.00	-4.62
24200	7.35	xtal-bio	0.02	15.34	1.17	-18.66	-3.00	-4.62
24200	2.52	bio-xtal	0.02	15.34	1.17	-18.66	-3.00	-4.62
24200	90.12	same	0.02	15.34	1.17	-18.66	-3.00	-4.62
24200	9.88	different	0.02	15.34	1.17	-18.66	-3.00	-4.62
24400	42.62	xtal-xtal	0.00	15.34	1.16	-18.66	-2.98	-4.61
24400	47.45	bio-bio	0.00	15.34	1.16	-18.66	-2.98	-4.61
24400	7.38	xtal-bio	0.00	15.34	1.16	-18.66	-2.98	-4.61
24400	2.55	bio-xtal	0.00	15.34	1.16	-18.66	-2.98	-4.61
24400	90.07	same	0.00	15.34	1.16	-18.66	-2.98	-4.61
24400	9.93	different	0.00	15.34	1.16	-18.66	-2.98	-4.61
24600	42.59	xtal-xtal	-0.01	15.34	1.15	-18.66	-2.97	-4.60
24600	47.43	bio-bio	-0.01	15.34	1.15	-18.66	-2.97	-4.60
24600	7.41	xtal-bio	-0.01	15.34	1.15	-18.66	-2.97	-4.60
24600	2.57	bio-xtal	-0.01	15.34	1.15	-18.66	-2.97	-4.60
24600	90.02	same	-0.01	15.34	1.15	-18.66	-2.97	-4.60
24600	9.98	different	-0.01	15.34	1.15	-18.66	-2.97	-4.60
24800	42.54	xtal-xtal	-0.02	15.34	1.14	-18.66	-2.96	-4.58
24800	47.42	bio-bio	-0.02	15.34	1.14	-18.66	-2.96	-4.58
24800	7.46	xtal-bio	-0.02	15.34	1.14	-18.66	-2.96	-4.58
24800	2.58	bio-xtal	-0.02	15.34	1.14	-18.66	-2.96	-4.58
24800	89.96	same	-0.02	15.34	1.14	-18.66	-2.96	-4.58
24800	10.04	different	-0.02	15.34	1.14	-18.66	-2.96	-4.58
25000	42.50	xtal-xtal	-0.03	15.34	1.13	-18.66	-2.95	-4.57
25000	47.41	bio-bio	-0.03	15.34	1.13	-18.66	-2.95	-4.57
25000	7.50	xtal-bio	-0.03	15.34	1.13	-18.66	-2.95	-4.57
25000	2.59	bio-xtal	-0.03	15.34	1.13	-18.66	-2.95	-4.57
25000	89.91	same	-0.03	15.34	1.13	-18.66	-2.95	-4.57
25000	10.09	different	-0.03	15.34	1.13	-18.66	-2.95	-4.57
25200	42.48	xtal-xtal	-0.05	15.34	1.12	-18.66	-2.93	-4.56
25200	47.37	bio-bio	-0.05	15.34	1.12	-18.66	-2.93	-4.56
25200	7.52	xtal-bio	-0.05	15.34	1.12	-18.66	-2.93	-4.56
25200	2.63	bio-xtal	-0.05	15.34	1.12	-18.66	-2.93	-4.56
25200	89.85	same	-0.05	15.34	1.12	-18.66	-2.93	-4.56
25200	10.15	different	-0.05	15.34	1.12	-18.66	-2.93	-4.56
25400	42.45	xtal-xtal	-0.07	15.34	1.11	-18.66	-2.92	-4.54
25400	47.36	bio-bio	-0.07	15.34	1.11	-18.66	-2.92	-4.54
25400	7.55	xtal-bio	-0.07	15.34	1.11	-18.66	-2.92	-4.54
25400	2.64	bio-xtal	-0.07	15.34	1.11	-18.66	-2.92	-4.54
25400	89.81	same	-0.07	15.34	1.11	-18.66	-2.92	-4.54
25400	10.19	different	-0.07	15.34	1.11	-18.66	-2.92	-4.54
25600	42.41	xtal-xtal	-0.08	15.34	1.11	-18.66	-2.91	-4.53
25600	47.35	bio-bio	-0.08	15.34	1.11	-18.66	-2.91	-4.53
25600	7.59	xtal-bio	-0.08	15.34	1.11	-18.66	-2.91	-4.53
25600	2.65	bio-xtal	-0.08	15.34	1.11	-18.66	-2.91	-4.53
25600	89.76	same	-0.08	15.34	1.11	-18.66	-2.91	-4.53
25600	10.24	different	-0.08	15.34	1.11	-18.66	-2.91	-4.53
25800	42.38	xtal-xtal	-0.09	15.34	1.10	-18.66	-2.90	-4.52
25800	47.34	bio-bio	-0.09	15.34	1.10	-18.66	-2.90	-4.52
25800	7.62	xtal-bio	-0.09	15.34	1.10	-18.66	-2.90	-4.52
25800	2.66	bio-xtal	-0.09	15.34	1.10	-18.66	-2.90	-4.52
25800	89.72	same	-0.09	15.34	1.10	-18.66	-2.90	-4.52
25800	10.28	different	-0.09	15.34	1.10	-18.66	-2.90	-4.52
26000	42.35	xtal-xtal	-0.11	15.34	1.09	-18.66	-2.89	-4.51
26000	47.33	bio-bio	-0.11	15.34	1.09	-18.66	-2.89	-4.51
26000	7.65	xtal-bio	-0.11	15.34	1.09	-18.66	-2.89	-4.51
26000	2.67	bio-xtal	-0.11	15.34	1.09	-18.66	-2.89	-4.51
26000	89.68	same	-0.11	15.34	1.09	-18.66	-2.89	-4.51
26000	10.32	different	-0.11	15.34	1.09	-18.66	-2.89	-4.51
26200	42.29	xtal-xtal	-0.13	15.34	1.08	-18.66	-2.87	-4.49
26200	47.31	bio-bio	-0.13	15.34	1.08	-18.66	-2.87	-4.49
26200	7.71	xtal-bio	-0.13	15.34	1.08	-18.66	-2.87	-4.49
26200	2.69	bio-xtal	-0.13	15.34	1.08	-18.66	-2.87	-4.49
26200	89.60	same	-0.13	15.34	1.08	-18.66	-2.87	-4.49
26200	10.40	different	-0.13	15.34	1.08	-18.66	-2.87	-4.49
26400	42.25	xtal-xtal	-0.14	15.34	1.07	-18.66	-2.86	-4.48
26400	47.32	bio-bio	-0.14	15.34	1.07	-18.66	-2.86	-4.48
26400	7.75	xtal-bio	-0.14	15.34	1.07	-18.66	-2.86	-4.48
26400	2.68	bio-xtal	-0.14	15.34	1.07	-18.66	-2.86	-4.48
26400	89.57	same	-0.14	15.34	1.07	-18.66	-2.86	-4.48
26400	10.43	different	-0.14	15.34	1.07	-18.66	-2.86	-4.48
26600	42.20	xtal-xtal	-0.16	15.34	1.06	-18.66	-2.85	-4.47
26600	47.31	bio-bio	-0.16	15.34	1.06	-18.66	-2.85	-4.47
26600	7.80	xtal-bio	-0.16	15.34	1.06	-18.66	-2.85	-4.47
26600	2.69	bio-xtal	-0.16	15.34	1.06	-18.66	-2.85	-4.47
26600	89.51	same	-0.16	15.34	1.06	-18.66	-2.85	-4.47
26600	10.49	different	-0.16	15.34	1.06	-18.66	-2.85	-4.47
26800	42.18	xtal-xtal	-0.18	15.34	1.05	-18.66	-2.84	-4.46
26800	47.29	bio-bio	-0.18	15.34	1.05	-18.66	-2.84	-4.46
26800	7.82	xtal-bio	-0.18	15.34	1.05	-18.66	-2.84	-4.46
26800	2.71	bio-xtal	-0.18	15.34	1.05	-18.66	-2.84	-4.46
26800	89.47	same	-0.18	15.34	1.05	-18.66	-2.84	-4.46
26800	10.53	different	-0.18	15.34	1.05	-18.66	-2.84	-4.46
27000	42.15	xtal-xtal	-0.19	15.34	1.04	-18.66	-2.83	-4.45
27000	47.29	bio-bio	-0.19	15.34	1.04	-18.66	-2.83	-4.45
27000	7.85	xtal-bio	-0.19	15.34	1.04	-18.66	-2.83	-4.45
27000	2.71	bio-xtal	-0.19	15.34	1.04	-18.66	-2.83	-4.45
27000	89.44	same	-0.19	15.34	1.04	-18.66	-2.83	-4.45
27000	10.56	different	-0.19	15.34	1.04	-18.66	-2.83	-4.45
27200	42.14	xtal-xtal	-0.21	15.34	1.03	-18.66	-2.82	-4.43
27200	47.29	bio-bio	-0.21	15.34	1.03	-18.66	-2.82	-4.43
27200	7.86	xtal-bio	-0.21	15.34	1.03	-18.66	-2.82	-4.43
27200	2.71	bio-xtal	-0.21	15.34	1.03	-18.66	-2.82	-4.43
27200	89.43	same	-0.21	15.34	1.03	-18.66	-2.82	-4.43
27200	10.57	different	-0.21	15.34	1.03	-18.66	-2.82	-4.43
27400	42.12	xtal-xtal	-0.22	15.34	1.02	-18.66	-2.81	-4.42
27400	47.29	bio-bio	-0.22	15.34	1.02	-18.66	-2.81	-4.42
27400	7.88	xtal-bio	-0.22	15.34	1.02	-18.66	-2.81	-4.42
27400	2.71	bio-xtal	-0.22	15.34	1.02	-18.66	-2.81	-4.42
27400	89.41	same	-0.22	15.34	1.02	-18.66	-2.81	-4.42
27400	10.59	different	-0.22	15.34	1.02	-18.66	-2.81	-4.42
27600	42.08	xtal-xtal	-0.24	15.34	1.01	-18.66	-2.79	-4.41
27600	47.26	bio-bio	-0.24	15.34	1.01	-18.66	-2.79	-4.41
27600	7.92	xtal-bio	-0.24	15.34	1.01	-18.66	-2.79	-4.41
27600	2.74	bio-xtal	-0.24	15.34	1.01	-18.66	-2.79	-4.41
27600	89.33	same	-0.24	15.34	1.01	-18.66	-2.79	-4.41
27600	10.67	different	-0.24	15.34	1.01	-18.66	-2.79	-4.41
27800	42.04	xtal-xtal	-0.26	15.34	1.00	-18.66	-2.78	-4.40
27800	47.24	bio-bio	-0.26	15.34	1.00	-18.66	-2.78	-4.40
27800	7.96	xtal-bio	-0.26	15.34	1.00	-18.66	-2.78	-4.40
27800	2.76	bio-xtal	-0.26	15.34	1.00	-18.66	-2.78	-4.40
27800	89.27	same	-0.26	15.34	1.00	-18.66	-2.78	-4.40
27800	10.73	different	-0.26	15.34	1.00	-18.66	-2.78	-4.40
28000	42.00	xtal-xtal	-0.28	15.34	1.00	-18.66	-2.77	-4.39
28000	47.23	bio-bio	-0.28	15.34	1.00	-18.66	-2.77	-4.39
28000	8.00	xtal-bio	-0.28	15.34	1.00	-18.66	-2.77	-4.39
28000	2.77	bio-xtal	-0.28	15.34	1.00	-18.66	-2.77	-4.39
28000	89.22	same	-0.28	15.34	1.00	-18.66	-2.77	-4.39
28000	10.78	different	-0.28	15.34	1.00	-18.66	-2.77	-4.39
28200	41.95	xtal-xtal	-0.29	15.34	0.99	-18.66	-2.76	-4.38
28200	47.20	bio-bio	-0.29	15.34	0.99	-18.66	-2.76	-4.38
28200	8.05	xtal-bio	-0.29	15.34	0.99	-18.66	-2.76	-4.38
28200	2.80	bio-xtal	-0.29	15.34	0.99	-18.66	-2.76	-4.38
28200	89.16	same	-0.29	15.34	0.99	-18.66	-2.76	-4.38
28200	10.84	different	-0.29	15.34	0.99	-18.66	-2.76	-4.38
28400	41.88	xtal-xtal	-0.31	15.34	0.98	-18.66	-2.75	-4.36
28400	47.19	bio-bio	-0.31	15.34	0.98	-18.66	-2.75	-4.36
28400	8.12	xtal-bio	-0.31	15.34	0.98	-18.66	-2.75	-4.36
28400	2.81	bio-xtal	-0.31	15.34	0.98	-18.66	-2.75	-4.36
28400	89.07	same	-0.31	15.34	0.98	-18.66	-2.75	-4.36
28400	10.93	different	-0.31	15.34	0.98	-18.66	-2.75	-4.36
28600	41.83	xtal-xtal	-0.33	15.34	0.97	-18.66	-2.74	-4.35
28600	47.17	bio-bio	-0.33	15.34	0.97	-18.66	-2.74	-4.35
28600	8.17	xtal-bio	-0.33	15.34	0.97	-18.66	-2.74	-4.35
28600	2.83	bio-xtal	-0.33	15.34	0.97	-18.66	-2.74	-4.35
28600	89.00	same	-0.33	15.34	0.97	-18.66	-2.74	-4.35
28600	11.00	different	-0.33	15.34	0.97	-18.66	-2.74	-4.35
28800	41.78	xtal-xtal	-0.35	15.34	0.96	-18.66	-2.73	-4.34
28800	47.15	bio-bio	-0.35	15.34	0.96	-18.66	-2.73	-4.34
28800	8.22	xtal-bio	-0.35	15.34	0.96	-18.66	-2.73	-4.34
28800	2.85	bio-xtal	-0.35	15.34	0.96	-18.66	-2.73	-4.34
28800	88.93	same	-0.35	15.34	0.96	-18.66	-2.73	-4.34
28800	11.07	different	-0.35	15.34	0.96	-18.66	-2.73	-4.34
29000	41.73	xtal-xtal	-0.37	15.34	0.95	-18.66	-2.72	-4.33
29000	47.14	bio-bio	-0.37	15.34	0.95	-18.66	-2.72	-4.33
29000	8.27	xtal-bio	-0.37	15.34	0.95	-18.66	-2.72	-4.33
29000	2.86	bio-xtal	-0.37	15.34	0.95	-18.66	-2.72	-4.33
29000	88.88	same	-0.37	15.34	0.95	-18.66	-2.72	-4.33
29000	11.12	different	-0.37	15.34	0.95	-18.66	-2.72	-4.33
29200	41.67	xtal-xtal	-0.39	15.34	0.94	-18.66	-2.71	-4.32
29200	47.13	bio-bio	-0.39	15.34	0.94	-18.66	-2.71	-4.32
29200	8.33	xtal-bio	-0.39	15.34	0.94	-18.66	-2.71	-4.32
29200	2.87	bio-xtal	-0.39	15.34	0.94	-18.66	-2.71	-4.32
29200	88.80	same	-0.39	15.34	0.94	-18.66	-2.71	-4.32
29200	11.20	different	-0.39	15.34	0.94	-18.66	-2.71	-4.32
29400	41.59	xtal-xtal	-0.41	15.34	0.93	-18.66	-2.70	-4.31
29400	47.11	bio-bio	-0.41	15.34	0.93	-18.66	-2.70	-4.31
29400	8.41	xtal-bio	-0.41	15.34	0.93	-18.66	-2.70	-4.31
29400	2.89	bio-xtal	-0.41	15.34	0.93	-18.66	-2.70	-4.31
29400	88.70	same	-0.41	15.34	0.93	-18.66	-2.70	-4.31
29400	11.30	different	-0.41	15.34	0.93	-18.66	-2.70	-4.31
29600	41.54	xtal-xtal	-0.42	15.34	0.92	-18.66	-2.69	-4.30
29600	47.10	bio-bio	-0.42	15.34	0.92	-18.66	-2.69	-4.30
29600	8.46	xtal-bio	-0.42	15.34	0.92	-18.66	-2.69	-4.30
29600	2.90	bio-xtal	-0.42	15.34	0.92	-18.66	-2.69	-4.30
29600	88.65	same	-0.42	15.34	0.92	-18.66	-2.69	-4.30
29600	11.35	different	-0.42	15.34	0.92	-18.66	-2.69	-4.30
29800	41.48	xtal-xtal	-0.44	15.34	0.91	-18.66	-2.68	-4.29
29800	47.07	bio-bio	-0.44	15.34	0.91	-18.66	-2.68	-4.29
29800	8.52	xtal-bio	-0.44	15.34	0.91	-18.66	-2.68	-4.29
29800	2.93	bio-xtal	-0.44	15.34	0.91	-18.66	-2.68	-4.29
29800	88.55	same	-0.44	15.34	0.91	-18.66	-2.68	-4.29
29800	11.45	different	-0.44	15.34	0.91	-18.66	-2.68	-4.29
30000	41.42	xtal-xtal	-0.46	15.34	0.90	-18.66	-2.67	-4.28
30000	47.06	bio-bio	-0.46	15.34	0.90	-18.66	-2.67	-4.28
30000	8.58	xtal-bio	-0.46	15.34	0.90	-18.66	-2.67	-4.28
30000	2.94	bio-xtal	-0.46	15.34	0.90	-18.66	-2.67	-4.28
30000	88.48	same	-0.46	15.34	0.90	-18.66	-2.67	-4.28
30000	11.52	different	-0.46	15.34	0.90	-18.66	-2.67	-4.28
30200	41.38	xtal-xtal	-0.48	15.34	0.90	-18.66	-2.66	-4.27
30200	47.05	bio-bio	-0.48	15.34	0.90	-18.66	-2.66	-4.27
30200	8.62	xtal-bio	-0.48	15.34	0.90	-18.66	-2.66	-4.27
30200	2.95	bio-xtal	-0.48	15.34	0.90	-18.66	-2.66	-4.27
30200	88.43	same	-0.48	15.34	0.90	-18.66	-2.66	-4.27
30200	11.57	different	-0.48	15.34	0.90	-18.66	-2.66	-4.27
30400	41.29	xtal-xtal	-0.49	15.34	0.89	-18.66	-2.65	-4.25
30400	47.05	bio-bio	-0.49	15.34	0.89	-18.66	-2.65	-4.25
30400	8.71	xtal-bio	-0.49	15.34	0.89	-18.66	-2.65	-4.25
30400	2.95	bio-xtal	-0.49	15.34	0.89	-18.66	-2.65	-4.25
30400	88.35	same	-0.49	15.34	0.89	-18.66	-2.65	-4.25
30400	11.65	different	-0.49	15.34	0.89	-18.66	-2.65	-4.25
30600	41.23	xtal-xtal	-0.51	15.34	0.88	-18.66	-2.64	-4.24
30600	47.04	bio-bio	-0.51	15.34	0.88	-18.66	-2.64	-4.24
30600	8.77	xtal-bio	-0.51	15.34	0.88	-18.66	-2.64	-4.24
30600	2.96	bio-xtal	-0.51	15.34	0.88	-18.66	-2.64	-4.24
30600	88.27	same	-0.51	15.34	0.88	-18.66	-2.64	-4.24
30600	11.73	different	-0.51	15.34	0.88	-18.66	-2.64	-4.24
30800	41.14	xtal-xtal	-0.53	15.34	0.87	-18.66	-2.63	-4.23
30800	47.04	bio-bio	-0.53	15.34	0.87	-18.66	-2.63	-4.23
30800	8.86	xtal-bio	-0.53	15.34	0.87	-18.66	-2.63	-4.23
30800	2.96	bio-xtal	-0.53	15.34	0.87	-18.66	-2.63	-4.23
30800	88.18	same	-0.53	15.34	0.87	-18.66	-2.63	-4.23
30800	11.82	different	-0.53	15.34	0.87	-18.66	-2.63	-4.23
31000	41.06	xtal-xtal	-0.55	15.34	0.86	-18.66	-2.62	-4.22
31000	47.03	bio-bio	-0.55	15.34	0.86	-18.66	-2.62	-4.22
31000	8.94	xtal-bio	-0.55	15.34	0.86	-18.66	-2.62	-4.22
31000	2.97	bio-xtal	-0.55	15.34	0.86	-18.66	-2.62	-4.22
31000	88.08	same	-0.55	15.34	0.86	-18.66	-2.62	-4.22
31000	11.92	different	-0.55	15.34	0.86	-18.66	-2.62	-4.22
31200	40.96	xtal-xtal	-0.57	15.34	0.85	-18.66	-2.61	-4.21
31200	47.01	bio-bio	-0.57	15.34	0.85	-18.66	-2.61	-4.21
31200	9.04	xtal-bio	-0.57	15.34	0.85	-18.66	-2.61	-4.21
31200	2.99	bio-xtal	-0.57	15.34	0.85	-18.66	-2.61	-4.21
31200	87.97	same	-0.57	15.34	0.85	-18.66	-2.61	-4.21
31200	12.03	different	-0.57	15.34	0.85	-18.66	-2.61	-4.21
31400	40.87	xtal-xtal	-0.60	15.34	0.84	-18.66	-2.60	-4.20
31400	47.00	bio-bio	-0.60	15.34	0.84	-18.66	-2.60	-4.20
31400	9.13	xtal-bio	-0.60	15.34	0.84	-18.66	-2.60	-4.20
31400	3.00	bio-xtal	-0.60	15.34	0.84	-18.66	-2.60	-4.20
31400	87.87	same	-0.60	15.34	0.84	-18.66	-2.60	-4.20
31400	12.13	different	-0.60	15.34	0.84	-18.66	-2.60	-4.20
31600	40.77	xtal-xtal	-0.62	15.34	0.83	-18.66	-2.60	-4.19
31600	46.99	bio-bio	-0.62	15.34	0.83	-18.66	-2.60	-4.19
31600	9.23	xtal-bio	-0.62	15.34	0.83	-18.66	-2.60	-4.19
31600	3.01	bio-xtal	-0.62	15.34	0.83	-18.66	-2.60	-4.19
31600	87.76	same	-0.62	15.34	0.83	-18.66	-2.60	-4.19
31600	12.24	different	-0.62	15.34	0.83	-18.66	-2.60	-4.19
31800	40.65	xtal-xtal	-0.64	15.34	0.82	-18.66	-2.59	-4.18
31800	46.98	bio-bio	-0.64	15.34	0.82	-18.66	-2.59	-4.18
31800	9.35	xtal-bio	-0.64	15.34	0.82	-18.66	-2.59	-4.18
31800	3.02	bio-xtal	-0.64	15.34	0.82	-18.66	-2.59	-4.18
31800	87.64	same	-0.64	15.34	0.82	-18.66	-2.59	-4.18
31800	12.36	different	-0.64	15.34	0.82	-18.66	-2.59	-4.18
32000	40.56	xtal-xtal	-0.66	15.34	0.81	-18.66	-2.58	-4.17
32000	46.97	bio-bio	-0.66	15.34	0.81	-18.66	-2.58	-4.17
32000	9.44	xtal-bio	-0.66	15.34	0.81	-18.66	-2.58	-4.17
32000	3.03	bio-xtal	-0.66	15.34	0.81	-18.66	-2.58	-4.17
32000	87.53	same	-0.66	15.34	0.81	-18.66	-2.58	-4.17
32000	12.47	different	-0.66	15.34	0.81	-18.66	-2.58	-4.17
32200	40.48	xtal-xtal	-0.68	15.34	0.80	-18.66	-2.57	-4.16
32200	46.95	bio-bio	-0.68	15.34	0.80	-18.66	-2.57	-4.16
32200	9.52	xtal-bio	-0.68	15.34	0.80	-18.66	-2.57	-4.16
32200	3.05	bio-xtal	-0.68	15.34	0.80	-18.66	-2.57	-4.16
32200	87.43	same	-0.68	15.34	0.80	-18.66	-2.57	-4.16
32200	12.57	different	-0.68	15.34	0.80	-18.66	-2.57	-4.16
32400	40.38	xtal-xtal	-0.70	15.34	0.80	-18.66	-2.56	-4.15
32400	46.93	bio-bio	-0.70	15.34	0.80	-18.66	-2.56	-4.15
32400	9.62	xtal-bio	-0.70	15.34	0.80	-18.66	-2.56	-4.15
32400	3.07	bio-xtal	-0.70	15.34	0.80	-18.66	-2.56	-4.15
32400	87.31	same	-0.70	15.34	0.80	-18.66	-2.56	-4.15
32400	12.69	different	-0.70	15.34	0.80	-18.66	-2.56	-4.15
32600	40.26	xtal-xtal	-0.72	15.34	0.79	-18.66	-2.55	-4.14
32600	46.92	bio-bio	-0.72	15.34	0.79	-18.66	-2.55	-4.14
32600	9.74	xtal-bio	-0.72	15.34	0.79	-18.66	-2.55	-4.14
32600	3.08	bio-xtal	-0.72	15.34	0.79	-18.66	-2.55	-4.14
32600	87.18	same	-0.72	15.34	0.79	-18.66	-2.55	-4.14
32600	12.82	different	-0.72	15.34	0.79	-18.66	-2.55	-4.14
32800	40.14	xtal-xtal	-0.75	15.34	0.78	-18.66	-2.54	-4.13
32800	46.89	bio-bio	-0.75	15.34	0.78	-18.66	-2.54	-4.13
32800	9.86	xtal-bio	-0.75	15.34	0.78	-18.66	-2.54	-4.13
32800	3.11	bio-xtal	-0.75	15.34	0.78	-18.66	-2.54	-4.13
32800	87.03	same	-0.75	15.34	0.78	-18.66	-2.54	-4.13
32800	12.97	different	-0.75	15.34	0.78	-18.66	-2.54	-4.13
33000	40.06	xtal-xtal	-0.77	15.34	0.77	-18.66	-2.53	-4.12
33000	46.87	bio-bio	-0.77	15.34	0.77	-18.66	-2.53	-4.12
33000	9.94	xtal-bio	-0.77	15.34	0.77	-18.66	-2.53	-4.12
33000	3.13	bio-xtal	-0.77	15.34	0.77	-18.66	-2.53	-4.12
33000	86.93	same	-0.77	15.34	0.77	-18.66	-2.53	-4.12
33000	13.07	different	-0.77	15.34	0.77	-18.66	-2.53	-4.12
33200	39.96	xtal-xtal	-0.80	15.34	0.76	-18.66	-2.52	-4.11
33200	46.86	bio-bio	-0.80	15.34	0.76	-18.66	-2.52	-4.11
33200	10.04	xtal-bio	-0.80	15.34	0.76	-18.66	-2.52	-4.11
33200	3.14	bio-xtal	-0.80	15.34	0.76	-18.66	-2.52	-4.11
33200	86.82	same	-0.80	15.34	0.76	-18.66	-2.52	-4.11
33200	13.18	different	-0.80	15.34	0.76	-18.66	-2.52	-4.11
33400	39.86	xtal-xtal	-0.82	15.34	0.75	-18.66	-2.51	-4.10
33400	46.86	bio-bio	-0.82	15.34	0.75	-18.66	-2.51	-4.10
33400	10.14	xtal-bio	-0.82	15.34	0.75	-18.66	-2.51	-4.10
33400	3.14	bio-xtal	-0.82	15.34	0.75	-18.66	-2.51	-4.10
33400	86.72	same	-0.82	15.34	0.75	-18.66	-2.51	-4.10
33400	13.28	different	-0.82	15.34	0.75	-18.66	-2.51	-4.10
33600	39.78	xtal-xtal	-0.85	15.34	0.74	-18.66	-2.50	-4.09
33600	46.84	bio-bio	-0.85	15.34	0.74	-18.66	-2.50	-4.09
33600	10.22	xtal-bio	-0.85	15.34	0.74	-18.66	-2.50	-4.09
33600	3.16	bio-xtal	-0.85	15.34	0.74	-18.66	-2.50	-4.09
33600	86.62	same	-0.85	15.34	0.74	-18.66	-2.50	-4.09
33600	13.38	different	-0.85	15.34	0.74	-18.66	-2.50	-4.09
33800	39.66	xtal-xtal	-0.88	15.34	0.73	-18.66	-2.49	-4.09
33800	46.82	bio-bio	-0.88	15.34	0.73	-18.66	-2.49	-4.09
33800	10.34	xtal-bio	-0.88	15.34	0.73	-18.66	-2.49	-4.09
33800	3.18	bio-xtal	-0.88	15.34	0.73	-18.66	-2.49	-4.09
33800	86.48	same	-0.88	15.34	0.73	-18.66	-2.49	-4.09
33800	13.52	different	-0.88	15.34	0.73	-18.66	-2.49	-4.09
34000	39.56	xtal-xtal	-0.91	15.34	0.72	-18.66	-2.48	-4.08
34000	46.81	bio-bio	-0.91	15.34	0.72	-18.66	-2.48	-4.08
34000	10.44	xtal-bio	-0.91	15.34	0.72	-18.66	-2.48	-4.08
34000	3.19	bio-xtal	-0.91	15.34	0.72	-18.66	-2.48	-4.08
34000	86.37	same	-0.91	15.34	0.72	-18.66	-2.48	-4.08
34000	13.63	different	-0.91	15.34	0.72	-18.66	-2.48	-4.08
34200	39.44	xtal-xtal	-0.93	15.34	0.71	-18.66	-2.47	-4.07
34200	46.80	bio-bio	-0.93	15.34	0.71	-18.66	-2.47	-4.07
34200	10.56	xtal-bio	-0.93	15.34	0.71	-18.66	-2.47	-4.07
34200	3.20	bio-xtal	-0.93	15.34	0.71	-18.66	-2.47	-4.07
34200	86.24	same	-0.93	15.34	0.71	-18.66	-2.47	-4.07
34200	13.76	different	-0.93	15.34	0.71	-18.66	-2.47	-4.07
34400	39.35	xtal-xtal	-0.95	15.34	0.70	-18.66	-2.46	-4.06
34400	46.76	bio-bio	-0.95	15.34	0.70	-18.66	-2.46	-4.06
34400	10.65	xtal-bio	-0.95	15.34	0.70	-18.66	-2.46	-4.06
34400	3.24	bio-xtal	-0.95	15.34	0.70	-18.66	-2.46	-4.06
34400	86.12	same	-0.95	15.34	0.70	-18.66	-2.46	-4.06
34400	13.88	different	-0.95	15.34	0.70	-18.66	-2.46	-4.06
34600	39.25	xtal-xtal	-0.99	15.34	0.69	-18.66	-2.45	-4.05
34600	46.74	bio-bio	-0.99	15.34	0.69	-18.66	-2.45	-4.05
34600	10.75	xtal-bio	-0.99	15.34	0.69	-18.66	-2.45	-4.05
34600	3.26	bio-xtal	-0.99	15.34	0.69	-18.66	-2.45	-4.05
34600	85.99	same	-0.99	15.34	0.69	-18.66	-2.45	-4.05
34600	14.01	different	-0.99	15.34	0.69	-18.66	-2.45	-4.05
34800	39.08	xtal-xtal	-1.01	15.34	0.68	-18.66	-2.45	-4.04
34800	46.80	bio-bio	-1.01	15.34	0.68	-18.66	-2.45	-4.04
34800	10.78	xtal-bio	-1.01	15.34	0.68	-18.66	-2.45	-4.04
34800	3.34	bio-xtal	-1.01	15.34	0.68	-18.66	-2.45	-4.04
34800	85.88	same	-1.01	15.34	0.68	-18.66	-2.45	-4.04
34800	14.12	different	-1.01	15.34	0.68	-18.66	-2.45	-4.04
35000	38.86	xtal-xtal	-1.02	15.34	0.67	-18.66	-2.44	-4.03
35000	46.95	bio-bio	-1.02	15.34	0.67	-18.66	-2.44	-4.03
35000	10.72	xtal-bio	-1.02	15.34	0.67	-18.66	-2.44	-4.03
35000	3.48	bio-xtal	-1.02	15.34	0.67	-18.66	-2.44	-4.03
35000	85.80	same	-1.02	15.34	0.67	-18.66	-2.44	-4.03
35000	14.20	different	-1.02	15.34	0.67	-18.66	-2.44	-4.03
35200	38.64	xtal-xtal	-1.03	15.34	0.66	-18.66	-2.43	-4.02
35200	47.07	bio-bio	-1.03	15.34	0.66	-18.66	-2.43	-4.02
35200	10.66	xtal-bio	-1.03	15.34	0.66	-18.66	-2.43	-4.02
35200	3.63	bio-xtal	-1.03	15.34	0.66	-18.66	-2.43	-4.02
35200	85.71	same	-1.03	15.34	0.66	-18.66	-2.43	-4.02
35200	14.29	different	-1.03	15.34	0.66	-18.66	-2.43	-4.02
35400	38.42	xtal-xtal	-1.05	15.34	0.65	-18.66	-2.42	-4.01
35400	47.21	bio-bio	-1.05	15.34	0.65	-18.66	-2.42	-4.01
35400	10.60	xtal-bio	-1.05	15.34	0.65	-18.66	-2.42	-4.01
35400	3.78	bio-xtal	-1.05	15.34	0.65	-18.66	-2.42	-4.01
35400	85.63	same	-1.05	15.34	0.65	-18.66	-2.42	-4.01
35400	14.37	different	-1.05	15.34	0.65	-18.66	-2.42	-4.01
35600	38.20	xtal-xtal	-1.06	15.34	0.64	-18.66	-2.41	-4.00
35600	47.35	bio-bio	-1.06	15.34	0.64	-18.66	-2.41	-4.00
35600	10.54	xtal-bio	-1.06	15.34	0.64	-18.66	-2.41	-4.00
35600	3.91	bio-xtal	-1.06	15.34	0.64	-18.66	-2.41	-4.00
35600	85.55	same	-1.06	15.34	0.64	-18.66	-2.41	-4.00
35600	14.45	different	-1.06	15.34	0.64	-18.66	-2.41	-4.00
35800	37.99	xtal-xtal	-1.07	15.34	0.63	-18.66	-2.40	-3.99
35800	47.49	bio-bio	-1.07	15.34	0.63	-18.66	-2.40	-3.99
35800	10.48	xtal-bio	-1.07	15.34	0.63	-18.66	-2.40	-3.99
35800	4.04	bio-xtal	-1.07	15.34	0.63	-18.66	-2.40	-3.99
35800	85.48	same	-1.07	15.34	0.63	-18.66	-2.40	-3.99
35800	14.52	different	-1.07	15.34	0.63	-18.66	-2.40	-3.99
36000	37.78	xtal-xtal	-1.09	15.34	0.62	-18.66	-2.39	-3.99
36000	47.60	bio-bio	-1.09	15.34	0.62	-18.66	-2.39	-3.99
36000	10.42	xtal-bio	-1.09	15.34	0.62	-18.66	-2.39	-3.99
36000	4.20	bio-xtal	-1.09	15.34	0.62	-18.66	-2.39	-3.99
36000	85.38	same	-1.09	15.34	0.62	-18.66	-2.39	-3.99
36000	14.62	different	-1.09	15.34	0.62	-18.66	-2.39	-3.99
36200	37.57	xtal-xtal	-1.10	15.34	0.61	-18.66	-2.39	-3.98
36200	47.73	bio-bio	-1.10	15.34	0.61	-18.66	-2.39	-3.98
36200	10.36	xtal-bio	-1.10	15.34	0.61	-18.66	-2.39	-3.98
36200	4.34	bio-xtal	-1.10	15.34	0.61	-18.66	-2.39	-3.98
36200	85.30	same	-1.10	15.34	0.61	-18.66	-2.39	-3.98
36200	14.70	different	-1.10	15.34	0.61	-18.66	-2.39	-3.98
36400	37.36	xtal-xtal	-1.11	15.34	0.60	-18.66	-2.38	-3.97
36400	47.83	bio-bio	-1.11	15.34	0.60	-18.66	-2.38	-3.97
36400	10.30	xtal-bio	-1.11	15.34	0.60	-18.66	-2.38	-3.97
36400	4.50	bio-xtal	-1.11	15.34	0.60	-18.66	-2.38	-3.97
36400	85.20	same	-1.11	15.34	0.60	-18.66	-2.38	-3.97
36400	14.80	different	-1.11	15.34	0.60	-18.66	-2.38	-3.97
36600	37.16	xtal-xtal	-1.13	15.34	0.60	-18.66	-2.37	-3.96
36600	47.93	bio-bio	-1.13	15.34	0.60	-18.66	-2.37	-3.96
36600	10.25	xtal-bio	-1.13	15.34	0.60	-18.66	-2.37	-3.96
36600	4.66	bio-xtal	-1.13	15.34	0.60	-18.66	-2.37	-3.96
36600	85.09	same	-1.13	15.34	0.60	-18.66	-2.37	-3.96
36600	14.91	different	-1.13	15.34	0.60	-18.66	-2.37	-3.96
36800	36.96	xtal-xtal	-1.14	15.34	0.59	-18.66	-2.36	-3.95
36800	48.04	bio-bio	-1.14	15.34	0.59	-18.66	-2.36	-3.95
36800	10.19	xtal-bio	-1.14	15.34	0.59	-18.66	-2.36	-3.95
36800	4.82	bio-xtal	-1.14	15.34	0.59	-18.66	-2.36	-3.95
36800	84.99	same	-1.14	15.34	0.59	-18.66	-2.36	-3.95
36800	15.01	different	-1.14	15.34	0.59	-18.66	-2.36	-3.95
37000	36.76	xtal-xtal	-1.15	15.34	0.58	-18.66	-2.35	-3.94
37000	48.16	bio-bio	-1.15	15.34	0.58	-18.66	-2.35	-3.94
37000	10.14	xtal-bio	-1.15	15.34	0.58	-18.66	-2.35	-3.94
37000	4.94	bio-xtal	-1.15	15.34	0.58	-18.66	-2.35	-3.94
37000	84.92	same	-1.15	15.34	0.58	-18.66	-2.35	-3.94
37000	15.08	different	-1.15	15.34	0.58	-18.66	-2.35	-3.94
37200	36.56	xtal-xtal	-1.16	15.34	0.57	-18.66	-2.34	-3.93
37200	48.29	bio-bio	-1.16	15.34	0.57	-18.66	-2.34	-3.93
37200	10.08	xtal-bio	-1.16	15.34	0.57	-18.66	-2.34	-3.93
37200	5.07	bio-xtal	-1.16	15.34	0.57	-18.66	-2.34	-3.93
37200	84.85	same	-1.16	15.34	0.57	-18.66	-2.34	-3.93
37200	15.15	different	-1.16	15.34	0.57	-18.66	-2.34	-3.93
37400	36.36	xtal-xtal	-1.18	15.34	0.56	-18.66	-2.33	-3.92
37400	48.40	bio-bio	-1.18	15.34	0.56	-18.66	-2.33	-3.92
37400	10.03	xtal-bio	-1.18	15.34	0.56	-18.66	-2.33	-3.92
37400	5.21	bio-xtal	-1.18	15.34	0.56	-18.66	-2.33	-3.92
37400	84.76	same	-1.18	15.34	0.56	-18.66	-2.33	-3.92
37400	15.24	different	-1.18	15.34	0.56	-18.66	-2.33	-3.92
37600	36.17	xtal-xtal	-1.19	15.34	0.55	-18.66	-2.33	-3.92
37600	48.52	bio-bio	-1.19	15.34	0.55	-18.66	-2.33	-3.92
37600	9.98	xtal-bio	-1.19	15.34	0.55	-18.66	-2.33	-3.92
37600	5.34	bio-xtal	-1.19	15.34	0.55	-18.66	-2.33	-3.92
37600	84.69	same	-1.19	15.34	0.55	-18.66	-2.33	-3.92
37600	15.31	different	-1.19	15.34	0.55	-18.66	-2.33	-3.92
37800	35.98	xtal-xtal	-1.20	15.34	0.54	-18.66	-2.32	-3.91
37800	48.64	bio-bio	-1.20	15.34	0.54	-18.66	-2.32	-3.91
37800	9.92	xtal-bio	-1.20	15.34	0.54	-18.66	-2.32	-3.91
37800	5.46	bio-xtal	-1.20	15.34	0.54	-18.66	-2.32	-3.91
37800	84.62	same	-1.20	15.34	0.54	-18.66	-2.32	-3.91
37800	15.38	different	-1.20	15.34	0.54	-18.66	-2.32	-3.91
38000	35.79	xtal-xtal	-1.22	15.34	0.53	-18.66	-2.31	-3.90
38000	48.77	bio-bio	-1.22	15.34	0.53	-18.66	-2.31	-3.90
38000	9.87	xtal-bio	-1.22	15.34	0.53	-18.66	-2.31	-3.90
38000	5.57	bio-xtal	-1.22	15.34	0.53	-18.66	-2.31	-3.90
38000	84.56	same	-1.22	15.34	0.53	-18.66	-2.31	-3.90
38000	15.44	different	-1.22	15.34	0.53	-18.66	-2.31	-3.90
38200	35.60	xtal-xtal	-1.23	15.34	0.52	-18.66	-2.30	-3.89
38200	48.92	bio-bio	-1.23	15.34	0.52	-18.66	-2.30	-3.89
38200	9.82	xtal-bio	-1.23	15.34	0.52	-18.66	-2.30	-3.89
38200	5.66	bio-xtal	-1.23	15.34	0.52	-18.66	-2.30	-3.89
38200	84.52	same	-1.23	15.34	0.52	-18.66	-2.30	-3.89
38200	15.48	different	-1.23	15.34	0.52	-18.66	-2.30	-3.89
38400	35.42	xtal-xtal	-1.24	15.34	0.51	-18.66	-2.29	-3.88
38400	49.06	bio-bio	-1.24	15.34	0.51	-18.66	-2.29	-3.88
38400	9.77	xtal-bio	-1.24	15.34	0.51	-18.66	-2.29	-3.88
38400	5.76	bio-xtal	-1.24	15.34	0.51	-18.66	-2.29	-3.88
38400	84.48	same	-1.24	15.34	0.51	-18.66	-2.29	-3.88
38400	15.52	different	-1.24	15.34	0.51	-18.66	-2.29	-3.88
38600	35.23	xtal-xtal	-1.25	15.34	0.50	-18.66	-2.28	-3.87
38600	49.20	bio-bio	-1.25	15.34	0.50	-18.66	-2.28	-3.87
38600	9.72	xtal-bio	-1.25	15.34	0.50	-18.66	-2.28	-3.87
38600	5.85	bio-xtal	-1.25	15.34	0.50	-18.66	-2.28	-3.87
38600	84.43	same	-1.25	15.34	0.50	-18.66	-2.28	-3.87
38600	15.57	different	-1.25	15.34	0.50	-18.66	-2.28	-3.87
38800	35.05	xtal-xtal	-1.26	15.34	0.49	-18.66	-2.27	-3.87
38800	49.33	bio-bio	-1.26	15.34	0.49	-18.66	-2.27	-3.87
38800	9.67	xtal-bio	-1.26	15.34	0.49	-18.66	-2.27	-3.87
38800	5.95	bio-xtal	-1.26	15.34	0.49	-18.66	-2.27	-3.87
38800	84.38	same	-1.26	15.34	0.49	-18.66	-2.27	-3.87
38800	15.62	different	-1.26	15.34	0.49	-18.66	-2.27	-3.87
39000	34.87	xtal-xtal	-1.27	15.34	0.48	-18.66	-2.27	-3.86
39000	49.48	bio-bio	-1.27	15.34	0.48	-18.66	-2.27	-3.86
39000	9.62	xtal-bio	-1.27	15.34	0.48	-18.66	-2.27	-3.86
39000	6.03	bio-xtal	-1.27	15.34	0.48	-18.66	-2.27	-3.86
39000	84.35	same	-1.27	15.34	0.48	-18.66	-2.27	-3.86
39000	15.65	different	-1.27	15.34	0.48	-18.66	-2.27	-3.86
39200	34.69	xtal-xtal	-1.28	15.34	0.48	-18.66	-2.26	-3.85
39200	49.59	bio-bio	-1.28	15.34	0.48	-18.66	-2.26	-3.85
39200	9.57	xtal-bio	-1.28	15.34	0.48	-18.66	-2.26	-3.85
39200	6.14	bio-xtal	-1.28	15.34	0.48	-18.66	-2.26	-3.85
39200	84.29	same	-1.28	15.34	0.48	-18.66	-2.26	-3.85
39200	15.71	different	-1.28	15.34	0.48	-18.66	-2.26	-3.85
39400	34.52	xtal-xtal	-1.29	15.34	0.47	-18.66	-2.25	-3.84
39400	49.69	bio-bio	-1.29	15.34	0.47	-18.66	-2.25	-3.84
39400	9.52	xtal-bio	-1.29	15.34	0.47	-18.66	-2.25	-3.84
39400	6.27	bio-xtal	-1.29	15.34	0.47	-18.66	-2.25	-3.84
39400	84.21	same	-1.29	15.34	0.47	-18.66	-2.25	-3.84
39400	15.79	different	-1.29	15.34	0.47	-18.66	-2.25	-3.84
39600	34.34	xtal-xtal	-1.31	15.34	0.46	-18.66	-2.24	-3.83
39600	49.81	bio-bio	-1.31	15.34	0.46	-18.66	-2.24	-3.83
39600	9.47	xtal-bio	-1.31	15.34	0.46	-18.66	-2.24	-3.83
39600	6.37	bio-xtal	-1.31	15.34	0.46	-18.66	-2.24	-3.83
39600	84.16	same	-1.31	15.34	0.46	-18.66	-2.24	-3.83
39600	15.84	different	-1.31	15.34	0.46	-18.66	-2.24	-3.83
39800	34.17	xtal-xtal	-1.31	15.34	0.45	-18.66	-2.23	-3.83
39800	49.93	bio-bio	-1.31	15.34	0.45	-18.66	-2.23	-3.83
39800	9.42	xtal-bio	-1.31	15.34	0.45	-18.66	-2.23	-3.83
39800	6.47	bio-xtal	-1.31	15.34	0.45	-18.66	-2.23	-3.83
39800	84.11	same	-1.31	15.34	0.45	-18.66	-2.23	-3.83
39800	15.89	different	-1.31	15.34	0.45	-18.66	-2.23	-3.83
40000	34.00	xtal-xtal	-1.32	15.34	0.44	-18.66	-2.22	-3.82
40000	50.09	bio-bio	-1.32	15.34	0.44	-18.66	-2.22	-3.82
40000	9.38	xtal-bio	-1.32	15.34	0.44	-18.66	-2.22	-3.82
40000	6.53	bio-xtal	-1.32	15.34	0.44	-18.66	-2.22	-3.82
40000	84.09	same	-1.32	15.34	0.44	-18.66	-2.22	-3.82
40000	15.91	different	-1.32	15.34	0.44	-18.66	-2.22	-3.82
40200	33.83	xtal-xtal	-1.34	15.34	0.43	-18.66	-2.21	-3.81
40200	50.22	bio-bio	-1.34	15.34	0.43	-18.66	-2.21	-3.81
40200	9.33	xtal-bio	-1.34	15.34	0.43	-18.66	-2.21	-3.81
40200	6.61	bio-xtal	-1.34	15.34	0.43	-18.66	-2.21	-3.81
40200	84.05	same	-1.34	15.34	0.43	-18.66	-2.21	-3.81
40200	15.95	different	-1.34	15.34	0.43	-18.66	-2.21	-3.81
40400	33.66	xtal-xtal	-1.35	15.34	0.42	-18.66	-2.20	-3.80
40400	50.33	bio-bio	-1.35	15.34	0.42	-18.66	-2.20	-3.80
40400	9.28	xtal-bio	-1.35	15.34	0.42	-18.66	-2.20	-3.80
40400	6.72	bio-xtal	-1.35	15.34	0.42	-18.66	-2.20	-3.80
40400	84.00	same	-1.35	15.34	0.42	-18.66	-2.20	-3.80
40400	16.00	different	-1.35	15.34	0.42	-18.66	-2.20	-3.80
40600	33.50	xtal-xtal	-1.36	15.34	0.41	-18.66	-2.19	-3.79
40600	50.43	bio-bio	-1.36	15.34	0.41	-18.66	-2.19	-3.79
40600	9.24	xtal-bio	-1.36	15.34	0.41	-18.66	-2.19	-3.79
40600	6.84	bio-xtal	-1.36	15.34	0.41	-18.66	-2.19	-3.79
40600	83.92	same	-1.36	15.34	0.41	-18.66	-2.19	-3.79
40600	16.08	different	-1.36	15.34	0.41	-18.66	-2.19	-3.79
40800	33.33	xtal-xtal	-1.37	15.34	0.41	-18.66	-2.19	-3.79
40800	50.57	bio-bio	-1.37	15.34	0.41	-18.66	-2.19	-3.79
40800	9.19	xtal-bio	-1.37	15.34	0.41	-18.66	-2.19	-3.79
40800	6.91	bio-xtal	-1.37	15.34	0.41	-18.66	-2.19	-3.79
40800	83.90	same	-1.37	15.34	0.41	-18.66	-2.19	-3.79
40800	16.10	different	-1.37	15.34	0.41	-18.66	-2.19	-3.79
41000	33.17	xtal-xtal	-1.38	15.34	0.40	-18.66	-2.17	-3.78
41000	50.69	bio-bio	-1.38	15.34	0.40	-18.66	-2.17	-3.78
41000	9.15	xtal-bio	-1.38	15.34	0.40	-18.66	-2.17	-3.78
41000	7.00	bio-xtal	-1.38	15.34	0.40	-18.66	-2.17	-3.78
41000	83.86	same	-1.38	15.34	0.40	-18.66	-2.17	-3.78
41000	16.14	different	-1.38	15.34	0.40	-18.66	-2.17	-3.78
41200	33.01	xtal-xtal	-1.39	15.34	0.39	-18.66	-2.17	-3.77
41200	50.78	bio-bio	-1.39	15.34	0.39	-18.66	-2.17	-3.77
41200	9.10	xtal-bio	-1.39	15.34	0.39	-18.66	-2.17	-3.77
41200	7.10	bio-xtal	-1.39	15.34	0.39	-18.66	-2.17	-3.77
41200	83.79	same	-1.39	15.34	0.39	-18.66	-2.17	-3.77
41200	16.21	different	-1.39	15.34	0.39	-18.66	-2.17	-3.77
41400	32.85	xtal-xtal	-1.40	15.34	0.38	-18.66	-2.16	-3.76
41400	50.90	bio-bio	-1.40	15.34	0.38	-18.66	-2.16	-3.76
41400	9.06	xtal-bio	-1.40	15.34	0.38	-18.66	-2.16	-3.76
41400	7.19	bio-xtal	-1.40	15.34	0.38	-18.66	-2.16	-3.76
41400	83.75	same	-1.40	15.34	0.38	-18.66	-2.16	-3.76
41400	16.25	different	-1.40	15.34	0.38	-18.66	-2.16	-3.76
41600	32.69	xtal-xtal	-1.41	15.34	0.37	-18.66	-2.15	-3.75
41600	51.01	bio-bio	-1.41	15.34	0.37	-18.66	-2.15	-3.75
41600	9.02	xtal-bio	-1.41	15.34	0.37	-18.66	-2.15	-3.75
41600	7.28	bio-xtal	-1.41	15.34	0.37	-18.66	-2.15	-3.75
41600	83.71	same	-1.41	15.34	0.37	-18.66	-2.15	-3.75
41600	16.29	different	-1.41	15.34	0.37	-18.66	-2.15	-3.75
41800	32.54	xtal-xtal	-1.42	15.34	0.36	-18.66	-2.14	-3.75
41800	51.13	bio-bio	-1.42	15.34	0.36	-18.66	-2.14	-3.75
41800	8.97	xtal-bio	-1.42	15.34	0.36	-18.66	-2.14	-3.75
41800	7.36	bio-xtal	-1.42	15.34	0.36	-18.66	-2.14	-3.75
41800	83.67	same	-1.42	15.34	0.36	-18.66	-2.14	-3.75
41800	16.33	different	-1.42	15.34	0.36	-18.66	-2.14	-3.75
42000	32.38	xtal-xtal	-1.43	15.34	0.35	-18.66	-2.13	-3.74
42000	51.25	bio-bio	-1.43	15.34	0.35	-18.66	-2.13	-3.74
42000	8.93	xtal-bio	-1.43	15.34	0.35	-18.66	-2.13	-3.74
42000	7.43	bio-xtal	-1.43	15.34	0.35	-18.66	-2.13	-3.74
42000	83.64	same	-1.43	15.34	0.35	-18.66	-2.13	-3.74
42000	16.36	different	-1.43	15.34	0.35	-18.66	-2.13	-3.74
42200	32.23	xtal-xtal	-1.44	15.34	0.35	-18.66	-2.12	-3.73
42200	51.35	bio-bio	-1.44	15.34	0.35	-18.66	-2.12	-3.73
42200	8.89	xtal-bio	-1.44	15.34	0.35	-18.66	-2.12	-3.73
42200	7.53	bio-xtal	-1.44	15.34	0.35	-18.66	-2.12	-3.73
42200	83.58	same	-1.44	15.34	0.35	-18.66	-2.12	-3.73
42200	16.42	different	-1.44	15.34	0.35	-18.66	-2.12	-3.73
42400	32.08	xtal-xtal	-1.45	15.34	0.34	-18.66	-2.11	-3.72
42400	51.46	bio-bio	-1.45	15.34	0.34	-18.66	-2.11	-3.72
42400	8.85	xtal-bio	-1.45	15.34	0.34	-18.66	-2.11	-3.72
42400	7.62	bio-xtal	-1.45	15.34	0.34	-18.66	-2.11	-3.72
42400	83.53	same	-1.45	15.34	0.34	-18.66	-2.11	-3.72
42400	16.47	different	-1.45	15.34	0.34	-18.66	-2.11	-3.72
42600	31.92	xtal-xtal	-1.46	15.34	0.33	-18.66	-2.10	-3.72
42600	51.59	bio-bio	-1.46	15.34	0.33	-18.66	-2.10	-3.72
42600	8.81	xtal-bio	-1.46	15.34	0.33	-18.66	-2.10	-3.72
42600	7.68	bio-xtal	-1.46	15.34	0.33	-18.66	-2.10	-3.72
42600	83.51	same	-1.46	15.34	0.33	-18.66	-2.10	-3.72
42600	16.49	different	-1.46	15.34	0.33	-18.66	-2.10	-3.72
42800	31.78	xtal-xtal	-1.47	15.34	0.32	-18.66	-2.09	-3.71
42800	51.71	bio-bio	-1.47	15.34	0.32	-18.66	-2.09	-3.71
42800	8.76	xtal-bio	-1.47	15.34	0.32	-18.66	-2.09	-3.71
42800	7.75	bio-xtal	-1.47	15.34	0.32	-18.66	-2.09	-3.71
42800	83.49	same	-1.47	15.34	0.32	-18.66	-2.09	-3.71
42800	16.51	different	-1.47	15.34	0.32	-18.66	-2.09	-3.71
43000	31.63	xtal-xtal	-1.48	15.34	0.31	-18.66	-2.08	-3.70
43000	51.80	bio-bio	-1.48	15.34	0.31	-18.66	-2.08	-3.70
43000	8.72	xtal-bio	-1.48	15.34	0.31	-18.66	-2.08	-3.70
43000	7.85	bio-xtal	-1.48	15.34	0.31	-18.66	-2.08	-3.70
43000	83.43	same	-1.48	15.34	0.31	-18.66	-2.08	-3.70
43000	16.57	different	-1.48	15.34	0.31	-18.66	-2.08	-3.70
43200	31.48	xtal-xtal	-1.49	15.34	0.30	-18.66	-2.07	-3.69
43200	51.90	bio-bio	-1.49	15.34	0.30	-18.66	-2.07	-3.69
43200	8.68	xtal-bio	-1.49	15.34	0.30	-18.66	-2.07	-3.69
43200	7.94	bio-xtal	-1.49	15.34	0.30	-18.66	-2.07	-3.69
43200	83.38	same	-1.49	15.34	0.30	-18.66	-2.07	-3.69
43200	16.62	different	-1.49	15.34	0.30	-18.66	-2.07	-3.69
43400	31.34	xtal-xtal	-1.50	15.34	0.29	-18.66	-2.06	-3.69
43400	52.02	bio-bio	-1.50	15.34	0.29	-18.66	-2.06	-3.69
43400	8.64	xtal-bio	-1.50	15.34	0.29	-18.66	-2.06	-3.69
43400	8.00	bio-xtal	-1.50	15.34	0.29	-18.66	-2.06	-3.69
43400	83.36	same	-1.50	15.34	0.29	-18.66	-2.06	-3.69
43400	16.64	different	-1.50	15.34	0.29	-18.66	-2.06	-3.69
43600	31.19	xtal-xtal	-1.52	15.34	0.29	-18.66	-2.05	-3.68
43600	52.13	bio-bio	-1.52	15.34	0.29	-18.66	-2.05	-3.68
43600	8.60	xtal-bio	-1.52	15.34	0.29	-18.66	-2.05	-3.68
43600	8.08	bio-xtal	-1.52	15.34	0.29	-18.66	-2.05	-3.68
43600	83.32	same	-1.52	15.34	0.29	-18.66	-2.05	-3.68
43600	16.68	different	-1.52	15.34	0.29	-18.66	-2.05	-3.68
43800	31.05	xtal-xtal	-1.53	15.34	0.28	-18.66	-2.04	-3.67
43800	52.24	bio-bio	-1.53	15.34	0.28	-18.66	-2.04	-3.67
43800	8.56	xtal-bio	-1.53	15.34	0.28	-18.66	-2.04	-3.67
43800	8.15	bio-xtal	-1.53	15.34	0.28	-18.66	-2.04	-3.67
43800	83.29	same	-1.53	15.34	0.28	-18.66	-2.04	-3.67
43800	16.71	different	-1.53	15.34	0.28	-18.66	-2.04	-3.67
44000	30.91	xtal-xtal	-1.54	15.34	0.27	-18.66	-2.03	-3.66
44000	52.33	bio-bio	-1.54	15.34	0.27	-18.66	-2.03	-3.66
44000	8.53	xtal-bio	-1.54	15.34	0.27	-18.66	-2.03	-3.66
44000	8.23	bio-xtal	-1.54	15.34	0.27	-18.66	-2.03	-3.66
44000	83.24	same	-1.54	15.34	0.27	-18.66	-2.03	-3.66
44000	16.76	different	-1.54	15.34	0.27	-18.66	-2.03	-3.66
44200	30.77	xtal-xtal	-1.55	15.34	0.26	-18.66	-2.02	-3.66
44200	52.43	bio-bio	-1.55	15.34	0.26	-18.66	-2.02	-3.66
44200	8.49	xtal-bio	-1.55	15.34	0.26	-18.66	-2.02	-3.66
44200	8.31	bio-xtal	-1.55	15.34	0.26	-18.66	-2.02	-3.66
44200	83.20	same	-1.55	15.34	0.26	-18.66	-2.02	-3.66
44200	16.80	different	-1.55	15.34	0.26	-18.66	-2.02	-3.66
44400	30.63	xtal-xtal	-1.56	15.34	0.25	-18.66	-2.01	-3.65
44400	52.55	bio-bio	-1.56	15.34	0.25	-18.66	-2.01	-3.65
44400	8.45	xtal-bio	-1.56	15.34	0.25	-18.66	-2.01	-3.65
44400	8.38	bio-xtal	-1.56	15.34	0.25	-18.66	-2.01	-3.65
44400	83.18	same	-1.56	15.34	0.25	-18.66	-2.01	-3.65
44400	16.82	different	-1.56	15.34	0.25	-18.66	-2.01	-3.65
44600	30.49	xtal-xtal	-1.57	15.34	0.25	-18.66	-2.01	-3.64
44600	52.67	bio-bio	-1.57	15.34	0.25	-18.66	-2.01	-3.64
44600	8.41	xtal-bio	-1.57	15.34	0.25	-18.66	-2.01	-3.64
44600	8.43	bio-xtal	-1.57	15.34	0.25	-18.66	-2.01	-3.64
44600	83.16	same	-1.57	15.34	0.25	-18.66	-2.01	-3.64
44600	16.84	different	-1.57	15.34	0.25	-18.66	-2.01	-3.64
44800	30.36	xtal-xtal	-1.58	15.34	0.24	-18.66	-2.00	-3.63
44800	52.79	bio-bio	-1.58	15.34	0.24	-18.66	-2.00	-3.63
44800	8.37	xtal-bio	-1.58	15.34	0.24	-18.66	-2.00	-3.63
44800	8.48	bio-xtal	-1.58	15.34	0.24	-18.66	-2.00	-3.63
44800	83.15	same	-1.58	15.34	0.24	-18.66	-2.00	-3.63
44800	16.85	different	-1.58	15.34	0.24	-18.66	-2.00	-3.63
45000	30.22	xtal-xtal	-1.59	15.34	0.23	-18.66	-1.99	-3.63
45000	52.91	bio-bio	-1.59	15.34	0.23	-18.66	-1.99	-3.63
45000	8.34	xtal-bio	-1.59	15.34	0.23	-18.66	-1.99	-3.63
45000	8.54	bio-xtal	-1.59	15.34	0.23	-18.66	-1.99	-3.63
45000	83.13	same	-1.59	15.34	0.23	-18.66	-1.99	-3.63
45000	16.87	different	-1.59	15.34	0.23	-18.66	-1.99	-3.63
45200	30.09	xtal-xtal	-1.60	15.34	0.22	-18.66	-1.98	-3.62
45200	53.04	bio-bio	-1.60	15.34	0.22	-18.66	-1.98	-3.62
45200	8.30	xtal-bio	-1.60	15.34	0.22	-18.66	-1.98	-3.62
45200	8.58	bio-xtal	-1.60	15.34	0.22	-18.66	-1.98	-3.62
45200	83.13	same	-1.60	15.34	0.22	-18.66	-1.98	-3.62
45200	16.87	different	-1.60	15.34	0.22	-18.66	-1.98	-3.62
45400	29.96	xtal-xtal	-1.61	15.34	0.21	-18.66	-1.97	-3.61
45400	53.15	bio-bio	-1.61	15.34	0.21	-18.66	-1.97	-3.61
45400	8.26	xtal-bio	-1.61	15.34	0.21	-18.66	-1.97	-3.61
45400	8.63	bio-xtal	-1.61	15.34	0.21	-18.66	-1.97	-3.61
45400	83.10	same	-1.61	15.34	0.21	-18.66	-1.97	-3.61
45400	16.90	different	-1.61	15.34	0.21	-18.66	-1.97	-3.61
45600	29.82	xtal-xtal	-1.62	15.34	0.21	-18.66	-1.96	-3.61
45600	53.26	bio-bio	-1.62	15.34	0.21	-18.66	-1.96	-3.61
45600	8.23	xtal-bio	-1.62	15.34	0.21	-18.66	-1.96	-3.61
45600	8.69	bio-xtal	-1.62	15.34	0.21	-18.66	-1.96	-3.61
45600	83.08	same	-1.62	15.34	0.21	-18.66	-1.96	-3.61
45600	16.92	different	-1.62	15.34	0.21	-18.66	-1.96	-3.61
45800	29.69	xtal-xtal	-1.63	15.34	0.20	-18.66	-1.95	-3.60
45800	53.38	bio-bio	-1.63	15.34	0.20	-18.66	-1.95	-3.60
45800	8.19	xtal-bio	-1.63	15.34	0.20	-18.66	-1.95	-3.60
45800	8.74	bio-xtal	-1.63	15.34	0.20	-18.66	-1.95	-3.60
45800	83.07	same	-1.63	15.34	0.20	-18.66	-1.95	-3.60
45800	16.93	different	-1.63	15.34	0.20	-18.66	-1.95	-3.60
46000	29.57	xtal-xtal	-1.64	15.34	0.19	-18.66	-1.94	-3.59
46000	53.52	bio-bio	-1.64	15.34	0.19	-18.66	-1.94	-3.59
46000	8.15	xtal-bio	-1.64	15.34	0.19	-18.66	-1.94	-3.59
46000	8.76	bio-xtal	-1.64	15.34	0.19	-18.66	-1.94	-3.59
46000	83.08	same	-1.64	15.34	0.19	-18.66	-1.94	-3.59
46000	16.92	different	-1.64	15.34	0.19	-18.66	-1.94	-3.59
46200	29.44	xtal-xtal	-1.65	15.34	0.18	-18.66	-1.93	-3.58
46200	53.66	bio-bio	-1.65	15.34	0.18	-18.66	-1.93	-3.58
46200	8.12	xtal-bio	-1.65	15.34	0.18	-18.66	-1.93	-3.58
46200	8.79	bio-xtal	-1.65	15.34	0.18	-18.66	-1.93	-3.58
46200	83.10	same	-1.65	15.34	0.18	-18.66	-1.93	-3.58
46200	16.90	different	-1.65	15.34	0.18	-18.66	-1.93	-3.58
46400	29.31	xtal-xtal	-1.66	15.34	0.17	-18.66	-1.92	-3.58
46400	53.77	bio-bio	-1.66	15.34	0.17	-18.66	-1.92	-3.58
46400	8.08	xtal-bio	-1.66	15.34	0.17	-18.66	-1.92	-3.58
46400	8.84	bio-xtal	-1.66	15.34	0.17	-18.66	-1.92	-3.58
46400	83.08	same	-1.66	15.34	0.17	-18.66	-1.92	-3.58
46400	16.92	different	-1.66	15.34	0.17	-18.66	-1.92	-3.58
46600	29.18	xtal-xtal	-1.67	15.34	0.17	-18.66	-1.91	-3.57
46600	53.86	bio-bio	-1.67	15.34	0.17	-18.66	-1.91	-3.57
46600	8.05	xtal-bio	-1.67	15.34	0.17	-18.66	-1.91	-3.57
46600	8.91	bio-xtal	-1.67	15.34	0.17	-18.66	-1.91	-3.57
46600	83.04	same	-1.67	15.34	0.17	-18.66	-1.91	-3.57
46600	16.96	different	-1.67	15.34	0.17	-18.66	-1.91	-3.57
46800	29.06	xtal-xtal	-1.68	15.34	0.16	-18.66	-1.90	-3.56
46800	53.96	bio-bio	-1.68	15.34	0.16	-18.66	-1.90	-3.56
46800	8.01	xtal-bio	-1.68	15.34	0.16	-18.66	-1.90	-3.56
46800	8.97	bio-xtal	-1.68	15.34	0.16	-18.66	-1.90	-3.56
46800	83.01	same	-1.68	15.34	0.16	-18.66	-1.90	-3.56
46800	16.99	different	-1.68	15.34	0.16	-18.66	-1.90	-3.56
47000	28.94	xtal-xtal	-1.69	15.34	0.15	-18.66	-1.89	-3.56
47000	54.06	bio-bio	-1.69	15.34	0.15	-18.66	-1.89	-3.56
47000	7.98	xtal-bio	-1.69	15.34	0.15	-18.66	-1.89	-3.56
47000	9.02	bio-xtal	-1.69	15.34	0.15	-18.66	-1.89	-3.56
47000	83.00	same	-1.69	15.34	0.15	-18.66	-1.89	-3.56
47000	17.00	different	-1.69	15.34	0.15	-18.66	-1.89	-3.56
47200	28.81	xtal-xtal	-1.70	15.34	0.14	-18.66	-1.88	-3.55
47200	54.15	bio-bio	-1.70	15.34	0.14	-18.66	-1.88	-3.55
47200	7.95	xtal-bio	-1.70	15.34	0.14	-18.66	-1.88	-3.55
47200	9.09	bio-xtal	-1.70	15.34	0.14	-18.66	-1.88	-3.55
47200	82.96	same	-1.70	15.34	0.14	-18.66	-1.88	-3.55
47200	17.04	different	-1.70	15.34	0.14	-18.66	-1.88	-3.55
47400	28.69	xtal-xtal	-1.71	15.34	0.13	-18.66	-1.87	-3.54
47400	54.26	bio-bio	-1.71	15.34	0.13	-18.66	-1.87	-3.54
47400	7.91	xtal-bio	-1.71	15.34	0.13	-18.66	-1.87	-3.54
47400	9.14	bio-xtal	-1.71	15.34	0.13	-18.66	-1.87	-3.54
47400	82.95	same	-1.71	15.34	0.13	-18.66	-1.87	-3.54
47400	17.05	different	-1.71	15.34	0.13	-18.66	-1.87	-3.54
47600	28.57	xtal-xtal	-1.72	15.34	0.13	-18.66	-1.86	-3.53
47600	54.34	bio-bio	-1.72	15.34	0.13	-18.66	-1.86	-3.53
47600	7.88	xtal-bio	-1.72	15.34	0.13	-18.66	-1.86	-3.53
47600	9.21	bio-xtal	-1.72	15.34	0.13	-18.66	-1.86	-3.53
47600	82.91	same	-1.72	15.34	0.13	-18.66	-1.86	-3.53
47600	17.09	different	-1.72	15.34	0.13	-18.66	-1.86	-3.53
47800	28.45	xtal-xtal	-1.73	15.34	0.12	-18.66	-1.85	-3.53
47800	54.45	bio-bio	-1.73	15.34	0.12	-18.66	-1.85	-3.53
47800	7.85	xtal-bio	-1.73	15.34	0.12	-18.66	-1.85	-3.53
47800	9.25	bio-xtal	-1.73	15.34	0.12	-18.66	-1.85	-3.53
47800	82.90	same	-1.73	15.34	0.12	-18.66	-1.85	-3.53
47800	17.10	different	-1.73	15.34	0.12	-18.66	-1.85	-3.53
48000	28.33	xtal-xtal	-1.74	15.34	0.11	-18.66	-1.85	-3.52
48000	54.54	bio-bio	-1.74	15.34	0.11	-18.66	-1.85	-3.52
48000	7.81	xtal-bio	-1.74	15.34	0.11	-18.66	-1.85	-3.52
48000	9.31	bio-xtal	-1.74	15.34	0.11	-18.66	-1.85	-3.52
48000	82.88	same	-1.74	15.34	0.11	-18.66	-1.85	-3.52
48000	17.12	different	-1.74	15.34	0.11	-18.66	-1.85	-3.52
48200	28.22	xtal-xtal	-1.75	15.34	0.10	-18.66	-1.84	-3.51
48200	54.61	bio-bio	-1.75	15.34	0.10	-18.66	-1.84	-3.51
48200	7.78	xtal-bio	-1.75	15.34	0.10	-18.66	-1.84	-3.51
48200	9.39	bio-xtal	-1.75	15.34	0.10	-18.66	-1.84	-3.51
48200	82.83	same	-1.75	15.34	0.10	-18.66	-1.84	-3.51
48200	17.17	different	-1.75	15.34	0.10	-18.66	-1.84	-3.51
48400	28.10	xtal-xtal	-1.76	15.34	0.10	-18.66	-1.83	-3.51
48400	54.70	bio-bio	-1.76	15.34	0.10	-18.66	-1.83	-3.51
48400	7.75	xtal-bio	-1.76	15.34	0.10	-18.66	-1.83	-3.51
48400	9.45	bio-xtal	-1.76	15.34	0.10	-18.66	-1.83	-3.51
48400	82.80	same	-1.76	15.34	0.10	-18.66	-1.83	-3.51
48400	17.20	different	-1.76	15.34	0.10	-18.66	-1.83	-3.51
48600	27.98	xtal-xtal	-1.77	15.34	0.09	-18.66	-1.82	-3.50
48600	54.80	bio-bio	-1.77	15.34	0.09	-18.66	-1.82	-3.50
48600	7.72	xtal-bio	-1.77	15.34	0.09	-18.66	-1.82	-3.50
48600	9.49	bio-xtal	-1.77	15.34	0.09	-18.66	-1.82	-3.50
48600	82.79	same	-1.77	15.34	0.09	-18.66	-1.82	-3.50
48600	17.21	different	-1.77	15.34	0.09	-18.66	-1.82	-3.50
48800	27.87	xtal-xtal	-1.78	15.34	0.08	-18.66	-1.81	-3.49
48800	54.90	bio-bio	-1.78	15.34	0.08	-18.66	-1.81	-3.49
48800	7.69	xtal-bio	-1.78	15.34	0.08	-18.66	-1.81	-3.49
48800	9.54	bio-xtal	-1.78	15.34	0.08	-18.66	-1.81	-3.49
48800	82.77	same	-1.78	15.34	0.08	-18.66	-1.81	-3.49
48800	17.23	different	-1.78	15.34	0.08	-18.66	-1.81	-3.49
49000	27.76	xtal-xtal	-1.79	15.34	0.07	-18.66	-1.80	-3.49
49000	55.00	bio-bio	-1.79	15.34	0.07	-18.66	-1.80	-3.49
49000	7.66	xtal-bio	-1.79	15.34	0.07	-18.66	-1.80	-3.49
49000	9.59	bio-xtal	-1.79	15.34	0.07	-18.66	-1.80	-3.49
49000	82.76	same	-1.79	15.34	0.07	-18.66	-1.80	-3.49
49000	17.24	different	-1.79	15.34	0.07	-18.66	-1.80	-3.49
