datapoints	percentage	call	xmin	xmax	xmean	bmin	bmax	bmean
200	25.50	xtal-xtal	4.39	11.89	5.27	-18.66	-11.22	-13.68
200	50.00	bio-bio	4.39	11.89	5.27	-18.66	-11.22	-13.68
200	24.50	xtal-bio	4.39	11.89	5.27	-18.66	-11.22	-13.68
200	0.00	bio-xtal	4.39	11.89	5.27	-18.66	-11.22	-13.68
200	75.50	same	4.39	11.89	5.27	-18.66	-11.22	-13.68
200	24.50	different	4.39	11.89	5.27	-18.66	-11.22	-13.68
400	33.25	xtal-xtal	3.66	11.89	4.62	-18.66	-9.91	-12.05
400	49.50	bio-bio	3.66	11.89	4.62	-18.66	-9.91	-12.05
400	16.75	xtal-bio	3.66	11.89	4.62	-18.66	-9.91	-12.05
400	0.50	bio-xtal	3.66	11.89	4.62	-18.66	-9.91	-12.05
400	82.75	same	3.66	11.89	4.62	-18.66	-9.91	-12.05
400	17.25	different	3.66	11.89	4.62	-18.66	-9.91	-12.05
600	35.33	xtal-xtal	3.24	11.89	4.22	-18.66	-9.28	-11.22
600	49.67	bio-bio	3.24	11.89	4.22	-18.66	-9.28	-11.22
600	14.67	xtal-bio	3.24	11.89	4.22	-18.66	-9.28	-11.22
600	0.33	bio-xtal	3.24	11.89	4.22	-18.66	-9.28	-11.22
600	85.00	same	3.24	11.89	4.22	-18.66	-9.28	-11.22
600	15.00	different	3.24	11.89	4.22	-18.66	-9.28	-11.22
800	37.25	xtal-xtal	3.05	11.89	3.95	-18.66	-8.82	-10.68
800	49.38	bio-bio	3.05	11.89	3.95	-18.66	-8.82	-10.68
800	12.75	xtal-bio	3.05	11.89	3.95	-18.66	-8.82	-10.68
800	0.62	bio-xtal	3.05	11.89	3.95	-18.66	-8.82	-10.68
800	86.62	same	3.05	11.89	3.95	-18.66	-8.82	-10.68
800	13.38	different	3.05	11.89	3.95	-18.66	-8.82	-10.68
1000	38.00	xtal-xtal	2.92	11.89	3.75	-18.66	-8.44	-10.27
1000	49.40	bio-bio	2.92	11.89	3.75	-18.66	-8.44	-10.27
1000	12.00	xtal-bio	2.92	11.89	3.75	-18.66	-8.44	-10.27
1000	0.60	bio-xtal	2.92	11.89	3.75	-18.66	-8.44	-10.27
1000	87.40	same	2.92	11.89	3.75	-18.66	-8.44	-10.27
1000	12.60	different	2.92	11.89	3.75	-18.66	-8.44	-10.27
1200	38.25	xtal-xtal	2.81	11.89	3.60	-18.66	-8.16	-9.94
1200	49.25	bio-bio	2.81	11.89	3.60	-18.66	-8.16	-9.94
1200	11.75	xtal-bio	2.81	11.89	3.60	-18.66	-8.16	-9.94
1200	0.75	bio-xtal	2.81	11.89	3.60	-18.66	-8.16	-9.94
1200	87.50	same	2.81	11.89	3.60	-18.66	-8.16	-9.94
1200	12.50	different	2.81	11.89	3.60	-18.66	-8.16	-9.94
1400	39.21	xtal-xtal	2.71	11.89	3.48	-18.66	-7.87	-9.66
1400	49.07	bio-bio	2.71	11.89	3.48	-18.66	-7.87	-9.66
1400	10.79	xtal-bio	2.71	11.89	3.48	-18.66	-7.87	-9.66
1400	0.93	bio-xtal	2.71	11.89	3.48	-18.66	-7.87	-9.66
1400	88.29	same	2.71	11.89	3.48	-18.66	-7.87	-9.66
1400	11.71	different	2.71	11.89	3.48	-18.66	-7.87	-9.66
1600	39.88	xtal-xtal	2.63	11.89	3.38	-18.66	-7.57	-9.42
1600	49.06	bio-bio	2.63	11.89	3.38	-18.66	-7.57	-9.42
1600	10.12	xtal-bio	2.63	11.89	3.38	-18.66	-7.57	-9.42
1600	0.94	bio-xtal	2.63	11.89	3.38	-18.66	-7.57	-9.42
1600	88.94	same	2.63	11.89	3.38	-18.66	-7.57	-9.42
1600	11.06	different	2.63	11.89	3.38	-18.66	-7.57	-9.42
1800	40.28	xtal-xtal	2.56	11.89	3.30	-18.66	-7.31	-9.20
1800	49.06	bio-bio	2.56	11.89	3.30	-18.66	-7.31	-9.20
1800	9.72	xtal-bio	2.56	11.89	3.30	-18.66	-7.31	-9.20
1800	0.94	bio-xtal	2.56	11.89	3.30	-18.66	-7.31	-9.20
1800	89.33	same	2.56	11.89	3.30	-18.66	-7.31	-9.20
1800	10.67	different	2.56	11.89	3.30	-18.66	-7.31	-9.20
2000	40.30	xtal-xtal	2.50	11.89	3.22	-18.66	-7.14	-9.00
2000	49.10	bio-bio	2.50	11.89	3.22	-18.66	-7.14	-9.00
2000	9.70	xtal-bio	2.50	11.89	3.22	-18.66	-7.14	-9.00
2000	0.90	bio-xtal	2.50	11.89	3.22	-18.66	-7.14	-9.00
2000	89.40	same	2.50	11.89	3.22	-18.66	-7.14	-9.00
2000	10.60	different	2.50	11.89	3.22	-18.66	-7.14	-9.00
2200	40.55	xtal-xtal	2.42	11.89	3.15	-18.66	-7.03	-8.83
2200	49.18	bio-bio	2.42	11.89	3.15	-18.66	-7.03	-8.83
2200	9.45	xtal-bio	2.42	11.89	3.15	-18.66	-7.03	-8.83
2200	0.82	bio-xtal	2.42	11.89	3.15	-18.66	-7.03	-8.83
2200	89.73	same	2.42	11.89	3.15	-18.66	-7.03	-8.83
2200	10.27	different	2.42	11.89	3.15	-18.66	-7.03	-8.83
2400	41.08	xtal-xtal	2.37	11.89	3.09	-18.66	-6.91	-8.67
2400	49.21	bio-bio	2.37	11.89	3.09	-18.66	-6.91	-8.67
2400	8.92	xtal-bio	2.37	11.89	3.09	-18.66	-6.91	-8.67
2400	0.79	bio-xtal	2.37	11.89	3.09	-18.66	-6.91	-8.67
2400	90.29	same	2.37	11.89	3.09	-18.66	-6.91	-8.67
2400	9.71	different	2.37	11.89	3.09	-18.66	-6.91	-8.67
2600	41.35	xtal-xtal	2.33	11.89	3.03	-18.66	-6.81	-8.53
2600	49.23	bio-bio	2.33	11.89	3.03	-18.66	-6.81	-8.53
2600	8.65	xtal-bio	2.33	11.89	3.03	-18.66	-6.81	-8.53
2600	0.77	bio-xtal	2.33	11.89	3.03	-18.66	-6.81	-8.53
2600	90.58	same	2.33	11.89	3.03	-18.66	-6.81	-8.53
2600	9.42	different	2.33	11.89	3.03	-18.66	-6.81	-8.53
2800	41.50	xtal-xtal	2.28	11.89	2.98	-18.66	-6.67	-8.40
2800	49.25	bio-bio	2.28	11.89	2.98	-18.66	-6.67	-8.40
2800	8.50	xtal-bio	2.28	11.89	2.98	-18.66	-6.67	-8.40
2800	0.75	bio-xtal	2.28	11.89	2.98	-18.66	-6.67	-8.40
2800	90.75	same	2.28	11.89	2.98	-18.66	-6.67	-8.40
2800	9.25	different	2.28	11.89	2.98	-18.66	-6.67	-8.40
3000	41.57	xtal-xtal	2.22	11.89	2.93	-18.66	-6.53	-8.28
3000	49.20	bio-bio	2.22	11.89	2.93	-18.66	-6.53	-8.28
3000	8.43	xtal-bio	2.22	11.89	2.93	-18.66	-6.53	-8.28
3000	0.80	bio-xtal	2.22	11.89	2.93	-18.66	-6.53	-8.28
3000	90.77	same	2.22	11.89	2.93	-18.66	-6.53	-8.28
3000	9.23	different	2.22	11.89	2.93	-18.66	-6.53	-8.28
3200	41.69	xtal-xtal	2.18	11.89	2.88	-18.66	-6.39	-8.17
3200	49.16	bio-bio	2.18	11.89	2.88	-18.66	-6.39	-8.17
3200	8.31	xtal-bio	2.18	11.89	2.88	-18.66	-6.39	-8.17
3200	0.84	bio-xtal	2.18	11.89	2.88	-18.66	-6.39	-8.17
3200	90.84	same	2.18	11.89	2.88	-18.66	-6.39	-8.17
3200	9.16	different	2.18	11.89	2.88	-18.66	-6.39	-8.17
3400	41.71	xtal-xtal	2.13	11.89	2.84	-18.66	-6.26	-8.06
3400	49.15	bio-bio	2.13	11.89	2.84	-18.66	-6.26	-8.06
3400	8.29	xtal-bio	2.13	11.89	2.84	-18.66	-6.26	-8.06
3400	0.85	bio-xtal	2.13	11.89	2.84	-18.66	-6.26	-8.06
3400	90.85	same	2.13	11.89	2.84	-18.66	-6.26	-8.06
3400	9.15	different	2.13	11.89	2.84	-18.66	-6.26	-8.06
3600	41.89	xtal-xtal	2.10	11.89	2.80	-18.66	-6.14	-7.96
3600	49.11	bio-bio	2.10	11.89	2.80	-18.66	-6.14	-7.96
3600	8.11	xtal-bio	2.10	11.89	2.80	-18.66	-6.14	-7.96
3600	0.89	bio-xtal	2.10	11.89	2.80	-18.66	-6.14	-7.96
3600	91.00	same	2.10	11.89	2.80	-18.66	-6.14	-7.96
3600	9.00	different	2.10	11.89	2.80	-18.66	-6.14	-7.96
3800	41.84	xtal-xtal	2.06	11.89	2.76	-18.66	-6.03	-7.86
3800	49.08	bio-bio	2.06	11.89	2.76	-18.66	-6.03	-7.86
3800	8.16	xtal-bio	2.06	11.89	2.76	-18.66	-6.03	-7.86
3800	0.92	bio-xtal	2.06	11.89	2.76	-18.66	-6.03	-7.86
3800	90.92	same	2.06	11.89	2.76	-18.66	-6.03	-7.86
3800	9.08	different	2.06	11.89	2.76	-18.66	-6.03	-7.86
4000	42.00	xtal-xtal	2.02	11.89	2.73	-18.66	-5.92	-7.77
4000	49.00	bio-bio	2.02	11.89	2.73	-18.66	-5.92	-7.77
4000	8.00	xtal-bio	2.02	11.89	2.73	-18.66	-5.92	-7.77
4000	1.00	bio-xtal	2.02	11.89	2.73	-18.66	-5.92	-7.77
4000	91.00	same	2.02	11.89	2.73	-18.66	-5.92	-7.77
4000	9.00	different	2.02	11.89	2.73	-18.66	-5.92	-7.77
4200	42.24	xtal-xtal	1.98	11.89	2.69	-18.66	-5.82	-7.67
4200	49.00	bio-bio	1.98	11.89	2.69	-18.66	-5.82	-7.67
4200	7.76	xtal-bio	1.98	11.89	2.69	-18.66	-5.82	-7.67
4200	1.00	bio-xtal	1.98	11.89	2.69	-18.66	-5.82	-7.67
4200	91.24	same	1.98	11.89	2.69	-18.66	-5.82	-7.67
4200	8.76	different	1.98	11.89	2.69	-18.66	-5.82	-7.67
4400	42.34	xtal-xtal	1.95	11.89	2.66	-18.66	-5.74	-7.59
4400	48.95	bio-bio	1.95	11.89	2.66	-18.66	-5.74	-7.59
4400	7.66	xtal-bio	1.95	11.89	2.66	-18.66	-5.74	-7.59
4400	1.05	bio-xtal	1.95	11.89	2.66	-18.66	-5.74	-7.59
4400	91.30	same	1.95	11.89	2.66	-18.66	-5.74	-7.59
4400	8.70	different	1.95	11.89	2.66	-18.66	-5.74	-7.59
4600	42.39	xtal-xtal	1.91	11.89	2.63	-18.66	-5.67	-7.51
4600	48.96	bio-bio	1.91	11.89	2.63	-18.66	-5.67	-7.51
4600	7.61	xtal-bio	1.91	11.89	2.63	-18.66	-5.67	-7.51
4600	1.04	bio-xtal	1.91	11.89	2.63	-18.66	-5.67	-7.51
4600	91.35	same	1.91	11.89	2.63	-18.66	-5.67	-7.51
4600	8.65	different	1.91	11.89	2.63	-18.66	-5.67	-7.51
4800	42.42	xtal-xtal	1.87	11.89	2.60	-18.66	-5.59	-7.43
4800	48.92	bio-bio	1.87	11.89	2.60	-18.66	-5.59	-7.43
4800	7.58	xtal-bio	1.87	11.89	2.60	-18.66	-5.59	-7.43
4800	1.08	bio-xtal	1.87	11.89	2.60	-18.66	-5.59	-7.43
4800	91.33	same	1.87	11.89	2.60	-18.66	-5.59	-7.43
4800	8.67	different	1.87	11.89	2.60	-18.66	-5.59	-7.43
5000	42.48	xtal-xtal	1.83	11.89	2.57	-18.66	-5.50	-7.35
5000	48.82	bio-bio	1.83	11.89	2.57	-18.66	-5.50	-7.35
5000	7.52	xtal-bio	1.83	11.89	2.57	-18.66	-5.50	-7.35
5000	1.18	bio-xtal	1.83	11.89	2.57	-18.66	-5.50	-7.35
5000	91.30	same	1.83	11.89	2.57	-18.66	-5.50	-7.35
5000	8.70	different	1.83	11.89	2.57	-18.66	-5.50	-7.35
5200	42.52	xtal-xtal	1.79	11.89	2.54	-18.66	-5.43	-7.28
5200	48.79	bio-bio	1.79	11.89	2.54	-18.66	-5.43	-7.28
5200	7.48	xtal-bio	1.79	11.89	2.54	-18.66	-5.43	-7.28
5200	1.21	bio-xtal	1.79	11.89	2.54	-18.66	-5.43	-7.28
5200	91.31	same	1.79	11.89	2.54	-18.66	-5.43	-7.28
5200	8.69	different	1.79	11.89	2.54	-18.66	-5.43	-7.28
5400	42.59	xtal-xtal	1.76	11.89	2.51	-18.66	-5.36	-7.21
5400	48.76	bio-bio	1.76	11.89	2.51	-18.66	-5.36	-7.21
5400	7.41	xtal-bio	1.76	11.89	2.51	-18.66	-5.36	-7.21
5400	1.24	bio-xtal	1.76	11.89	2.51	-18.66	-5.36	-7.21
5400	91.35	same	1.76	11.89	2.51	-18.66	-5.36	-7.21
5400	8.65	different	1.76	11.89	2.51	-18.66	-5.36	-7.21
5600	42.70	xtal-xtal	1.72	11.89	2.48	-18.66	-5.30	-7.14
5600	48.75	bio-bio	1.72	11.89	2.48	-18.66	-5.30	-7.14
5600	7.30	xtal-bio	1.72	11.89	2.48	-18.66	-5.30	-7.14
5600	1.25	bio-xtal	1.72	11.89	2.48	-18.66	-5.30	-7.14
5600	91.45	same	1.72	11.89	2.48	-18.66	-5.30	-7.14
5600	8.55	different	1.72	11.89	2.48	-18.66	-5.30	-7.14
5800	42.76	xtal-xtal	1.69	11.89	2.45	-18.66	-5.23	-7.08
5800	48.78	bio-bio	1.69	11.89	2.45	-18.66	-5.23	-7.08
5800	7.24	xtal-bio	1.69	11.89	2.45	-18.66	-5.23	-7.08
5800	1.22	bio-xtal	1.69	11.89	2.45	-18.66	-5.23	-7.08
5800	91.53	same	1.69	11.89	2.45	-18.66	-5.23	-7.08
5800	8.47	different	1.69	11.89	2.45	-18.66	-5.23	-7.08
6000	42.85	xtal-xtal	1.65	11.89	2.43	-18.66	-5.16	-7.02
6000	48.77	bio-bio	1.65	11.89	2.43	-18.66	-5.16	-7.02
6000	7.15	xtal-bio	1.65	11.89	2.43	-18.66	-5.16	-7.02
6000	1.23	bio-xtal	1.65	11.89	2.43	-18.66	-5.16	-7.02
6000	91.62	same	1.65	11.89	2.43	-18.66	-5.16	-7.02
6000	8.38	different	1.65	11.89	2.43	-18.66	-5.16	-7.02
6200	42.85	xtal-xtal	1.62	11.89	2.40	-18.66	-5.09	-6.95
6200	48.68	bio-bio	1.62	11.89	2.40	-18.66	-5.09	-6.95
6200	7.15	xtal-bio	1.62	11.89	2.40	-18.66	-5.09	-6.95
6200	1.32	bio-xtal	1.62	11.89	2.40	-18.66	-5.09	-6.95
6200	91.53	same	1.62	11.89	2.40	-18.66	-5.09	-6.95
6200	8.47	different	1.62	11.89	2.40	-18.66	-5.09	-6.95
6400	42.91	xtal-xtal	1.60	11.89	2.38	-18.66	-5.03	-6.90
6400	48.62	bio-bio	1.60	11.89	2.38	-18.66	-5.03	-6.90
6400	7.09	xtal-bio	1.60	11.89	2.38	-18.66	-5.03	-6.90
6400	1.38	bio-xtal	1.60	11.89	2.38	-18.66	-5.03	-6.90
6400	91.53	same	1.60	11.89	2.38	-18.66	-5.03	-6.90
6400	8.47	different	1.60	11.89	2.38	-18.66	-5.03	-6.90
6600	42.92	xtal-xtal	1.56	11.89	2.35	-18.66	-4.98	-6.84
6600	48.62	bio-bio	1.56	11.89	2.35	-18.66	-4.98	-6.84
6600	7.08	xtal-bio	1.56	11.89	2.35	-18.66	-4.98	-6.84
6600	1.38	bio-xtal	1.56	11.89	2.35	-18.66	-4.98	-6.84
6600	91.55	same	1.56	11.89	2.35	-18.66	-4.98	-6.84
6600	8.45	different	1.56	11.89	2.35	-18.66	-4.98	-6.84
6800	43.00	xtal-xtal	1.53	11.89	2.33	-18.66	-4.93	-6.78
6800	48.57	bio-bio	1.53	11.89	2.33	-18.66	-4.93	-6.78
6800	7.00	xtal-bio	1.53	11.89	2.33	-18.66	-4.93	-6.78
6800	1.43	bio-xtal	1.53	11.89	2.33	-18.66	-4.93	-6.78
6800	91.57	same	1.53	11.89	2.33	-18.66	-4.93	-6.78
6800	8.43	different	1.53	11.89	2.33	-18.66	-4.93	-6.78
7000	43.01	xtal-xtal	1.50	11.89	2.31	-18.66	-4.88	-6.73
7000	48.54	bio-bio	1.50	11.89	2.31	-18.66	-4.88	-6.73
7000	6.99	xtal-bio	1.50	11.89	2.31	-18.66	-4.88	-6.73
7000	1.46	bio-xtal	1.50	11.89	2.31	-18.66	-4.88	-6.73
7000	91.56	same	1.50	11.89	2.31	-18.66	-4.88	-6.73
7000	8.44	different	1.50	11.89	2.31	-18.66	-4.88	-6.73
7200	42.94	xtal-xtal	1.47	11.89	2.28	-18.66	-4.83	-6.68
7200	48.50	bio-bio	1.47	11.89	2.28	-18.66	-4.83	-6.68
7200	7.06	xtal-bio	1.47	11.89	2.28	-18.66	-4.83	-6.68
7200	1.50	bio-xtal	1.47	11.89	2.28	-18.66	-4.83	-6.68
7200	91.44	same	1.47	11.89	2.28	-18.66	-4.83	-6.68
7200	8.56	different	1.47	11.89	2.28	-18.66	-4.83	-6.68
7400	43.03	xtal-xtal	1.44	11.89	2.26	-18.66	-4.79	-6.63
7400	48.47	bio-bio	1.44	11.89	2.26	-18.66	-4.79	-6.63
7400	6.97	xtal-bio	1.44	11.89	2.26	-18.66	-4.79	-6.63
7400	1.53	bio-xtal	1.44	11.89	2.26	-18.66	-4.79	-6.63
7400	91.50	same	1.44	11.89	2.26	-18.66	-4.79	-6.63
7400	8.50	different	1.44	11.89	2.26	-18.66	-4.79	-6.63
7600	43.12	xtal-xtal	1.41	11.89	2.24	-18.66	-4.74	-6.58
7600	48.49	bio-bio	1.41	11.89	2.24	-18.66	-4.74	-6.58
7600	6.88	xtal-bio	1.41	11.89	2.24	-18.66	-4.74	-6.58
7600	1.51	bio-xtal	1.41	11.89	2.24	-18.66	-4.74	-6.58
7600	91.61	same	1.41	11.89	2.24	-18.66	-4.74	-6.58
7600	8.39	different	1.41	11.89	2.24	-18.66	-4.74	-6.58
7800	43.19	xtal-xtal	1.39	11.89	2.22	-18.66	-4.70	-6.53
7800	48.46	bio-bio	1.39	11.89	2.22	-18.66	-4.70	-6.53
7800	6.81	xtal-bio	1.39	11.89	2.22	-18.66	-4.70	-6.53
7800	1.54	bio-xtal	1.39	11.89	2.22	-18.66	-4.70	-6.53
7800	91.65	same	1.39	11.89	2.22	-18.66	-4.70	-6.53
7800	8.35	different	1.39	11.89	2.22	-18.66	-4.70	-6.53
8000	43.33	xtal-xtal	1.37	11.89	2.20	-18.66	-4.65	-6.48
8000	48.45	bio-bio	1.37	11.89	2.20	-18.66	-4.65	-6.48
8000	6.68	xtal-bio	1.37	11.89	2.20	-18.66	-4.65	-6.48
8000	1.55	bio-xtal	1.37	11.89	2.20	-18.66	-4.65	-6.48
8000	91.77	same	1.37	11.89	2.20	-18.66	-4.65	-6.48
8000	8.22	different	1.37	11.89	2.20	-18.66	-4.65	-6.48
8200	43.43	xtal-xtal	1.34	11.89	2.18	-18.66	-4.61	-6.44
8200	48.48	bio-bio	1.34	11.89	2.18	-18.66	-4.61	-6.44
8200	6.57	xtal-bio	1.34	11.89	2.18	-18.66	-4.61	-6.44
8200	1.52	bio-xtal	1.34	11.89	2.18	-18.66	-4.61	-6.44
8200	91.90	same	1.34	11.89	2.18	-18.66	-4.61	-6.44
8200	8.10	different	1.34	11.89	2.18	-18.66	-4.61	-6.44
8400	43.45	xtal-xtal	1.32	11.89	2.16	-18.66	-4.56	-6.39
8400	48.48	bio-bio	1.32	11.89	2.16	-18.66	-4.56	-6.39
8400	6.55	xtal-bio	1.32	11.89	2.16	-18.66	-4.56	-6.39
8400	1.52	bio-xtal	1.32	11.89	2.16	-18.66	-4.56	-6.39
8400	91.93	same	1.32	11.89	2.16	-18.66	-4.56	-6.39
8400	8.07	different	1.32	11.89	2.16	-18.66	-4.56	-6.39
8600	43.50	xtal-xtal	1.30	11.89	2.14	-18.66	-4.52	-6.35
8600	48.48	bio-bio	1.30	11.89	2.14	-18.66	-4.52	-6.35
8600	6.50	xtal-bio	1.30	11.89	2.14	-18.66	-4.52	-6.35
8600	1.52	bio-xtal	1.30	11.89	2.14	-18.66	-4.52	-6.35
8600	91.98	same	1.30	11.89	2.14	-18.66	-4.52	-6.35
8600	8.02	different	1.30	11.89	2.14	-18.66	-4.52	-6.35
8800	43.56	xtal-xtal	1.28	11.89	2.12	-18.66	-4.48	-6.31
8800	48.47	bio-bio	1.28	11.89	2.12	-18.66	-4.48	-6.31
8800	6.44	xtal-bio	1.28	11.89	2.12	-18.66	-4.48	-6.31
8800	1.53	bio-xtal	1.28	11.89	2.12	-18.66	-4.48	-6.31
8800	92.02	same	1.28	11.89	2.12	-18.66	-4.48	-6.31
8800	7.98	different	1.28	11.89	2.12	-18.66	-4.48	-6.31
9000	43.62	xtal-xtal	1.26	11.89	2.10	-18.66	-4.45	-6.27
9000	48.47	bio-bio	1.26	11.89	2.10	-18.66	-4.45	-6.27
9000	6.38	xtal-bio	1.26	11.89	2.10	-18.66	-4.45	-6.27
9000	1.53	bio-xtal	1.26	11.89	2.10	-18.66	-4.45	-6.27
9000	92.09	same	1.26	11.89	2.10	-18.66	-4.45	-6.27
9000	7.91	different	1.26	11.89	2.10	-18.66	-4.45	-6.27
9200	43.66	xtal-xtal	1.24	11.89	2.08	-18.66	-4.42	-6.23
9200	48.47	bio-bio	1.24	11.89	2.08	-18.66	-4.42	-6.23
9200	6.34	xtal-bio	1.24	11.89	2.08	-18.66	-4.42	-6.23
9200	1.53	bio-xtal	1.24	11.89	2.08	-18.66	-4.42	-6.23
9200	92.13	same	1.24	11.89	2.08	-18.66	-4.42	-6.23
9200	7.87	different	1.24	11.89	2.08	-18.66	-4.42	-6.23
9400	43.67	xtal-xtal	1.21	11.89	2.06	-18.66	-4.38	-6.19
9400	48.49	bio-bio	1.21	11.89	2.06	-18.66	-4.38	-6.19
9400	6.33	xtal-bio	1.21	11.89	2.06	-18.66	-4.38	-6.19
9400	1.51	bio-xtal	1.21	11.89	2.06	-18.66	-4.38	-6.19
9400	92.16	same	1.21	11.89	2.06	-18.66	-4.38	-6.19
9400	7.84	different	1.21	11.89	2.06	-18.66	-4.38	-6.19
9600	43.73	xtal-xtal	1.20	11.89	2.04	-18.66	-4.34	-6.15
9600	48.49	bio-bio	1.20	11.89	2.04	-18.66	-4.34	-6.15
9600	6.27	xtal-bio	1.20	11.89	2.04	-18.66	-4.34	-6.15
9600	1.51	bio-xtal	1.20	11.89	2.04	-18.66	-4.34	-6.15
9600	92.22	same	1.20	11.89	2.04	-18.66	-4.34	-6.15
9600	7.78	different	1.20	11.89	2.04	-18.66	-4.34	-6.15
9800	43.80	xtal-xtal	1.17	11.89	2.03	-18.66	-4.31	-6.11
9800	48.46	bio-bio	1.17	11.89	2.03	-18.66	-4.31	-6.11
9800	6.20	xtal-bio	1.17	11.89	2.03	-18.66	-4.31	-6.11
9800	1.54	bio-xtal	1.17	11.89	2.03	-18.66	-4.31	-6.11
9800	92.26	same	1.17	11.89	2.03	-18.66	-4.31	-6.11
9800	7.74	different	1.17	11.89	2.03	-18.66	-4.31	-6.11
10000	43.86	xtal-xtal	1.15	11.89	2.01	-18.66	-4.28	-6.08
10000	48.45	bio-bio	1.15	11.89	2.01	-18.66	-4.28	-6.08
10000	6.14	xtal-bio	1.15	11.89	2.01	-18.66	-4.28	-6.08
10000	1.55	bio-xtal	1.15	11.89	2.01	-18.66	-4.28	-6.08
10000	92.31	same	1.15	11.89	2.01	-18.66	-4.28	-6.08
10000	7.69	different	1.15	11.89	2.01	-18.66	-4.28	-6.08
10200	43.89	xtal-xtal	1.13	11.89	1.99	-18.66	-4.24	-6.04
10200	48.47	bio-bio	1.13	11.89	1.99	-18.66	-4.24	-6.04
10200	6.11	xtal-bio	1.13	11.89	1.99	-18.66	-4.24	-6.04
10200	1.53	bio-xtal	1.13	11.89	1.99	-18.66	-4.24	-6.04
10200	92.36	same	1.13	11.89	1.99	-18.66	-4.24	-6.04
10200	7.64	different	1.13	11.89	1.99	-18.66	-4.24	-6.04
10400	43.91	xtal-xtal	1.12	11.89	1.98	-18.66	-4.21	-6.01
10400	48.44	bio-bio	1.12	11.89	1.98	-18.66	-4.21	-6.01
10400	6.09	xtal-bio	1.12	11.89	1.98	-18.66	-4.21	-6.01
10400	1.56	bio-xtal	1.12	11.89	1.98	-18.66	-4.21	-6.01
10400	92.36	same	1.12	11.89	1.98	-18.66	-4.21	-6.01
10400	7.64	different	1.12	11.89	1.98	-18.66	-4.21	-6.01
10600	43.93	xtal-xtal	1.10	11.89	1.96	-18.66	-4.18	-5.97
10600	48.45	bio-bio	1.10	11.89	1.96	-18.66	-4.18	-5.97
10600	6.07	xtal-bio	1.10	11.89	1.96	-18.66	-4.18	-5.97
10600	1.55	bio-xtal	1.10	11.89	1.96	-18.66	-4.18	-5.97
10600	92.39	same	1.10	11.89	1.96	-18.66	-4.18	-5.97
10600	7.61	different	1.10	11.89	1.96	-18.66	-4.18	-5.97
10800	43.93	xtal-xtal	1.08	11.89	1.94	-18.66	-4.16	-5.94
10800	48.44	bio-bio	1.08	11.89	1.94	-18.66	-4.16	-5.94
10800	6.07	xtal-bio	1.08	11.89	1.94	-18.66	-4.16	-5.94
10800	1.56	bio-xtal	1.08	11.89	1.94	-18.66	-4.16	-5.94
10800	92.37	same	1.08	11.89	1.94	-18.66	-4.16	-5.94
10800	7.63	different	1.08	11.89	1.94	-18.66	-4.16	-5.94
11000	43.95	xtal-xtal	1.06	11.89	1.93	-18.66	-4.13	-5.91
11000	48.44	bio-bio	1.06	11.89	1.93	-18.66	-4.13	-5.91
11000	6.05	xtal-bio	1.06	11.89	1.93	-18.66	-4.13	-5.91
11000	1.56	bio-xtal	1.06	11.89	1.93	-18.66	-4.13	-5.91
11000	92.38	same	1.06	11.89	1.93	-18.66	-4.13	-5.91
11000	7.62	different	1.06	11.89	1.93	-18.66	-4.13	-5.91
11200	43.95	xtal-xtal	1.04	11.89	1.91	-18.66	-4.10	-5.87
11200	48.42	bio-bio	1.04	11.89	1.91	-18.66	-4.10	-5.87
11200	6.05	xtal-bio	1.04	11.89	1.91	-18.66	-4.10	-5.87
11200	1.58	bio-xtal	1.04	11.89	1.91	-18.66	-4.10	-5.87
11200	92.37	same	1.04	11.89	1.91	-18.66	-4.10	-5.87
11200	7.63	different	1.04	11.89	1.91	-18.66	-4.10	-5.87
11400	43.93	xtal-xtal	1.03	11.89	1.90	-18.66	-4.07	-5.84
11400	48.38	bio-bio	1.03	11.89	1.90	-18.66	-4.07	-5.84
11400	6.07	xtal-bio	1.03	11.89	1.90	-18.66	-4.07	-5.84
11400	1.62	bio-xtal	1.03	11.89	1.90	-18.66	-4.07	-5.84
11400	92.31	same	1.03	11.89	1.90	-18.66	-4.07	-5.84
11400	7.69	different	1.03	11.89	1.90	-18.66	-4.07	-5.84
11600	43.91	xtal-xtal	1.01	11.89	1.88	-18.66	-4.04	-5.81
11600	48.36	bio-bio	1.01	11.89	1.88	-18.66	-4.04	-5.81
11600	6.09	xtal-bio	1.01	11.89	1.88	-18.66	-4.04	-5.81
11600	1.64	bio-xtal	1.01	11.89	1.88	-18.66	-4.04	-5.81
11600	92.28	same	1.01	11.89	1.88	-18.66	-4.04	-5.81
11600	7.72	different	1.01	11.89	1.88	-18.66	-4.04	-5.81
11800	43.93	xtal-xtal	0.99	11.89	1.87	-18.66	-4.02	-5.78
11800	48.36	bio-bio	0.99	11.89	1.87	-18.66	-4.02	-5.78
11800	6.07	xtal-bio	0.99	11.89	1.87	-18.66	-4.02	-5.78
11800	1.64	bio-xtal	0.99	11.89	1.87	-18.66	-4.02	-5.78
11800	92.29	same	0.99	11.89	1.87	-18.66	-4.02	-5.78
11800	7.71	different	0.99	11.89	1.87	-18.66	-4.02	-5.78
12000	43.92	xtal-xtal	0.97	11.89	1.85	-18.66	-3.99	-5.75
12000	48.35	bio-bio	0.97	11.89	1.85	-18.66	-3.99	-5.75
12000	6.08	xtal-bio	0.97	11.89	1.85	-18.66	-3.99	-5.75
12000	1.65	bio-xtal	0.97	11.89	1.85	-18.66	-3.99	-5.75
12000	92.27	same	0.97	11.89	1.85	-18.66	-3.99	-5.75
12000	7.72	different	0.97	11.89	1.85	-18.66	-3.99	-5.75
12200	43.96	xtal-xtal	0.95	11.89	1.84	-18.66	-3.97	-5.72
12200	48.35	bio-bio	0.95	11.89	1.84	-18.66	-3.97	-5.72
12200	6.04	xtal-bio	0.95	11.89	1.84	-18.66	-3.97	-5.72
12200	1.65	bio-xtal	0.95	11.89	1.84	-18.66	-3.97	-5.72
12200	92.31	same	0.95	11.89	1.84	-18.66	-3.97	-5.72
12200	7.69	different	0.95	11.89	1.84	-18.66	-3.97	-5.72
12400	43.95	xtal-xtal	0.93	11.89	1.82	-18.66	-3.94	-5.69
12400	48.35	bio-bio	0.93	11.89	1.82	-18.66	-3.94	-5.69
12400	6.05	xtal-bio	0.93	11.89	1.82	-18.66	-3.94	-5.69
12400	1.65	bio-xtal	0.93	11.89	1.82	-18.66	-3.94	-5.69
12400	92.30	same	0.93	11.89	1.82	-18.66	-3.94	-5.69
12400	7.70	different	0.93	11.89	1.82	-18.66	-3.94	-5.69
12600	43.92	xtal-xtal	0.92	11.89	1.81	-18.66	-3.92	-5.67
12600	48.33	bio-bio	0.92	11.89	1.81	-18.66	-3.92	-5.67
12600	6.08	xtal-bio	0.92	11.89	1.81	-18.66	-3.92	-5.67
12600	1.67	bio-xtal	0.92	11.89	1.81	-18.66	-3.92	-5.67
12600	92.25	same	0.92	11.89	1.81	-18.66	-3.92	-5.67
12600	7.75	different	0.92	11.89	1.81	-18.66	-3.92	-5.67
12800	43.88	xtal-xtal	0.90	11.89	1.79	-18.66	-3.89	-5.64
12800	48.32	bio-bio	0.90	11.89	1.79	-18.66	-3.89	-5.64
12800	6.12	xtal-bio	0.90	11.89	1.79	-18.66	-3.89	-5.64
12800	1.68	bio-xtal	0.90	11.89	1.79	-18.66	-3.89	-5.64
12800	92.20	same	0.90	11.89	1.79	-18.66	-3.89	-5.64
12800	7.80	different	0.90	11.89	1.79	-18.66	-3.89	-5.64
13000	43.88	xtal-xtal	0.88	11.89	1.78	-18.66	-3.87	-5.61
13000	48.31	bio-bio	0.88	11.89	1.78	-18.66	-3.87	-5.61
13000	6.12	xtal-bio	0.88	11.89	1.78	-18.66	-3.87	-5.61
13000	1.69	bio-xtal	0.88	11.89	1.78	-18.66	-3.87	-5.61
13000	92.19	same	0.88	11.89	1.78	-18.66	-3.87	-5.61
13000	7.81	different	0.88	11.89	1.78	-18.66	-3.87	-5.61
13200	43.87	xtal-xtal	0.87	11.89	1.77	-18.66	-3.85	-5.59
13200	48.30	bio-bio	0.87	11.89	1.77	-18.66	-3.85	-5.59
13200	6.13	xtal-bio	0.87	11.89	1.77	-18.66	-3.85	-5.59
13200	1.70	bio-xtal	0.87	11.89	1.77	-18.66	-3.85	-5.59
13200	92.17	same	0.87	11.89	1.77	-18.66	-3.85	-5.59
13200	7.83	different	0.87	11.89	1.77	-18.66	-3.85	-5.59
13400	43.85	xtal-xtal	0.85	11.89	1.75	-18.66	-3.82	-5.56
13400	48.31	bio-bio	0.85	11.89	1.75	-18.66	-3.82	-5.56
13400	6.15	xtal-bio	0.85	11.89	1.75	-18.66	-3.82	-5.56
13400	1.69	bio-xtal	0.85	11.89	1.75	-18.66	-3.82	-5.56
13400	92.16	same	0.85	11.89	1.75	-18.66	-3.82	-5.56
13400	7.84	different	0.85	11.89	1.75	-18.66	-3.82	-5.56
13600	43.83	xtal-xtal	0.83	11.89	1.74	-18.66	-3.80	-5.53
13600	48.30	bio-bio	0.83	11.89	1.74	-18.66	-3.80	-5.53
13600	6.17	xtal-bio	0.83	11.89	1.74	-18.66	-3.80	-5.53
13600	1.70	bio-xtal	0.83	11.89	1.74	-18.66	-3.80	-5.53
13600	92.13	same	0.83	11.89	1.74	-18.66	-3.80	-5.53
13600	7.87	different	0.83	11.89	1.74	-18.66	-3.80	-5.53
13800	43.83	xtal-xtal	0.81	11.89	1.73	-18.66	-3.78	-5.51
13800	48.30	bio-bio	0.81	11.89	1.73	-18.66	-3.78	-5.51
13800	6.17	xtal-bio	0.81	11.89	1.73	-18.66	-3.78	-5.51
13800	1.70	bio-xtal	0.81	11.89	1.73	-18.66	-3.78	-5.51
13800	92.14	same	0.81	11.89	1.73	-18.66	-3.78	-5.51
13800	7.86	different	0.81	11.89	1.73	-18.66	-3.78	-5.51
14000	43.85	xtal-xtal	0.79	11.89	1.71	-18.66	-3.76	-5.48
14000	48.28	bio-bio	0.79	11.89	1.71	-18.66	-3.76	-5.48
14000	6.15	xtal-bio	0.79	11.89	1.71	-18.66	-3.76	-5.48
14000	1.72	bio-xtal	0.79	11.89	1.71	-18.66	-3.76	-5.48
14000	92.13	same	0.79	11.89	1.71	-18.66	-3.76	-5.48
14000	7.87	different	0.79	11.89	1.71	-18.66	-3.76	-5.48
14200	43.90	xtal-xtal	0.78	11.89	1.70	-18.66	-3.74	-5.46
14200	48.22	bio-bio	0.78	11.89	1.70	-18.66	-3.74	-5.46
14200	6.10	xtal-bio	0.78	11.89	1.70	-18.66	-3.74	-5.46
14200	1.78	bio-xtal	0.78	11.89	1.70	-18.66	-3.74	-5.46
14200	92.12	same	0.78	11.89	1.70	-18.66	-3.74	-5.46
14200	7.88	different	0.78	11.89	1.70	-18.66	-3.74	-5.46
14400	43.89	xtal-xtal	0.76	11.89	1.69	-18.66	-3.73	-5.44
14400	48.19	bio-bio	0.76	11.89	1.69	-18.66	-3.73	-5.44
14400	6.11	xtal-bio	0.76	11.89	1.69	-18.66	-3.73	-5.44
14400	1.81	bio-xtal	0.76	11.89	1.69	-18.66	-3.73	-5.44
14400	92.08	same	0.76	11.89	1.69	-18.66	-3.73	-5.44
14400	7.92	different	0.76	11.89	1.69	-18.66	-3.73	-5.44
14600	43.89	xtal-xtal	0.74	11.89	1.67	-18.66	-3.71	-5.41
14600	48.19	bio-bio	0.74	11.89	1.67	-18.66	-3.71	-5.41
14600	6.11	xtal-bio	0.74	11.89	1.67	-18.66	-3.71	-5.41
14600	1.81	bio-xtal	0.74	11.89	1.67	-18.66	-3.71	-5.41
14600	92.08	same	0.74	11.89	1.67	-18.66	-3.71	-5.41
14600	7.92	different	0.74	11.89	1.67	-18.66	-3.71	-5.41
14800	43.91	xtal-xtal	0.72	11.89	1.66	-18.66	-3.69	-5.39
14800	48.20	bio-bio	0.72	11.89	1.66	-18.66	-3.69	-5.39
14800	6.09	xtal-bio	0.72	11.89	1.66	-18.66	-3.69	-5.39
14800	1.80	bio-xtal	0.72	11.89	1.66	-18.66	-3.69	-5.39
14800	92.10	same	0.72	11.89	1.66	-18.66	-3.69	-5.39
14800	7.90	different	0.72	11.89	1.66	-18.66	-3.69	-5.39
15000	43.87	xtal-xtal	0.71	11.89	1.65	-18.66	-3.67	-5.37
15000	48.18	bio-bio	0.71	11.89	1.65	-18.66	-3.67	-5.37
15000	6.13	xtal-bio	0.71	11.89	1.65	-18.66	-3.67	-5.37
15000	1.82	bio-xtal	0.71	11.89	1.65	-18.66	-3.67	-5.37
15000	92.05	same	0.71	11.89	1.65	-18.66	-3.67	-5.37
15000	7.95	different	0.71	11.89	1.65	-18.66	-3.67	-5.37
15200	43.88	xtal-xtal	0.69	11.89	1.64	-18.66	-3.65	-5.34
15200	48.15	bio-bio	0.69	11.89	1.64	-18.66	-3.65	-5.34
15200	6.12	xtal-bio	0.69	11.89	1.64	-18.66	-3.65	-5.34
15200	1.85	bio-xtal	0.69	11.89	1.64	-18.66	-3.65	-5.34
15200	92.03	same	0.69	11.89	1.64	-18.66	-3.65	-5.34
15200	7.97	different	0.69	11.89	1.64	-18.66	-3.65	-5.34
15400	43.87	xtal-xtal	0.67	11.89	1.62	-18.66	-3.63	-5.32
15400	48.15	bio-bio	0.67	11.89	1.62	-18.66	-3.63	-5.32
15400	6.13	xtal-bio	0.67	11.89	1.62	-18.66	-3.63	-5.32
15400	1.85	bio-xtal	0.67	11.89	1.62	-18.66	-3.63	-5.32
15400	92.02	same	0.67	11.89	1.62	-18.66	-3.63	-5.32
15400	7.98	different	0.67	11.89	1.62	-18.66	-3.63	-5.32
15600	43.85	xtal-xtal	0.66	11.89	1.61	-18.66	-3.61	-5.30
15600	48.17	bio-bio	0.66	11.89	1.61	-18.66	-3.61	-5.30
15600	6.15	xtal-bio	0.66	11.89	1.61	-18.66	-3.61	-5.30
15600	1.83	bio-xtal	0.66	11.89	1.61	-18.66	-3.61	-5.30
15600	92.02	same	0.66	11.89	1.61	-18.66	-3.61	-5.30
15600	7.98	different	0.66	11.89	1.61	-18.66	-3.61	-5.30
15800	43.80	xtal-xtal	0.64	11.89	1.60	-18.66	-3.59	-5.28
15800	48.16	bio-bio	0.64	11.89	1.60	-18.66	-3.59	-5.28
15800	6.20	xtal-bio	0.64	11.89	1.60	-18.66	-3.59	-5.28
15800	1.84	bio-xtal	0.64	11.89	1.60	-18.66	-3.59	-5.28
15800	91.97	same	0.64	11.89	1.60	-18.66	-3.59	-5.28
15800	8.03	different	0.64	11.89	1.60	-18.66	-3.59	-5.28
16000	43.79	xtal-xtal	0.63	11.89	1.59	-18.66	-3.57	-5.26
16000	48.14	bio-bio	0.63	11.89	1.59	-18.66	-3.57	-5.26
16000	6.21	xtal-bio	0.63	11.89	1.59	-18.66	-3.57	-5.26
16000	1.86	bio-xtal	0.63	11.89	1.59	-18.66	-3.57	-5.26
16000	91.92	same	0.63	11.89	1.59	-18.66	-3.57	-5.26
16000	8.08	different	0.63	11.89	1.59	-18.66	-3.57	-5.26
16200	43.78	xtal-xtal	0.61	11.89	1.58	-18.66	-3.56	-5.24
16200	48.14	bio-bio	0.61	11.89	1.58	-18.66	-3.56	-5.24
16200	6.22	xtal-bio	0.61	11.89	1.58	-18.66	-3.56	-5.24
16200	1.86	bio-xtal	0.61	11.89	1.58	-18.66	-3.56	-5.24
16200	91.93	same	0.61	11.89	1.58	-18.66	-3.56	-5.24
16200	8.07	different	0.61	11.89	1.58	-18.66	-3.56	-5.24
16400	43.77	xtal-xtal	0.60	11.89	1.56	-18.66	-3.54	-5.22
16400	48.13	bio-bio	0.60	11.89	1.56	-18.66	-3.54	-5.22
16400	6.23	xtal-bio	0.60	11.89	1.56	-18.66	-3.54	-5.22
16400	1.87	bio-xtal	0.60	11.89	1.56	-18.66	-3.54	-5.22
16400	91.91	same	0.60	11.89	1.56	-18.66	-3.54	-5.22
16400	8.09	different	0.60	11.89	1.56	-18.66	-3.54	-5.22
16600	43.73	xtal-xtal	0.58	11.89	1.55	-18.66	-3.52	-5.20
16600	48.11	bio-bio	0.58	11.89	1.55	-18.66	-3.52	-5.20
16600	6.27	xtal-bio	0.58	11.89	1.55	-18.66	-3.52	-5.20
16600	1.89	bio-xtal	0.58	11.89	1.55	-18.66	-3.52	-5.20
16600	91.84	same	0.58	11.89	1.55	-18.66	-3.52	-5.20
16600	8.16	different	0.58	11.89	1.55	-18.66	-3.52	-5.20
16800	43.70	xtal-xtal	0.57	11.89	1.54	-18.66	-3.51	-5.18
16800	48.10	bio-bio	0.57	11.89	1.54	-18.66	-3.51	-5.18
16800	6.30	xtal-bio	0.57	11.89	1.54	-18.66	-3.51	-5.18
16800	1.90	bio-xtal	0.57	11.89	1.54	-18.66	-3.51	-5.18
16800	91.80	same	0.57	11.89	1.54	-18.66	-3.51	-5.18
16800	8.20	different	0.57	11.89	1.54	-18.66	-3.51	-5.18
17000	43.71	xtal-xtal	0.55	11.89	1.53	-18.66	-3.49	-5.16
17000	48.09	bio-bio	0.55	11.89	1.53	-18.66	-3.49	-5.16
17000	6.29	xtal-bio	0.55	11.89	1.53	-18.66	-3.49	-5.16
17000	1.91	bio-xtal	0.55	11.89	1.53	-18.66	-3.49	-5.16
17000	91.81	same	0.55	11.89	1.53	-18.66	-3.49	-5.16
17000	8.19	different	0.55	11.89	1.53	-18.66	-3.49	-5.16
17200	43.70	xtal-xtal	0.54	11.89	1.52	-18.66	-3.47	-5.14
17200	48.10	bio-bio	0.54	11.89	1.52	-18.66	-3.47	-5.14
17200	6.30	xtal-bio	0.54	11.89	1.52	-18.66	-3.47	-5.14
17200	1.90	bio-xtal	0.54	11.89	1.52	-18.66	-3.47	-5.14
17200	91.80	same	0.54	11.89	1.52	-18.66	-3.47	-5.14
17200	8.20	different	0.54	11.89	1.52	-18.66	-3.47	-5.14
17400	43.71	xtal-xtal	0.52	11.89	1.51	-18.66	-3.46	-5.12
17400	48.10	bio-bio	0.52	11.89	1.51	-18.66	-3.46	-5.12
17400	6.29	xtal-bio	0.52	11.89	1.51	-18.66	-3.46	-5.12
17400	1.90	bio-xtal	0.52	11.89	1.51	-18.66	-3.46	-5.12
17400	91.82	same	0.52	11.89	1.51	-18.66	-3.46	-5.12
17400	8.18	different	0.52	11.89	1.51	-18.66	-3.46	-5.12
17600	43.69	xtal-xtal	0.51	11.89	1.49	-18.66	-3.44	-5.10
17600	48.08	bio-bio	0.51	11.89	1.49	-18.66	-3.44	-5.10
17600	6.31	xtal-bio	0.51	11.89	1.49	-18.66	-3.44	-5.10
17600	1.92	bio-xtal	0.51	11.89	1.49	-18.66	-3.44	-5.10
17600	91.77	same	0.51	11.89	1.49	-18.66	-3.44	-5.10
17600	8.23	different	0.51	11.89	1.49	-18.66	-3.44	-5.10
17800	43.66	xtal-xtal	0.49	11.89	1.48	-18.66	-3.43	-5.08
17800	48.07	bio-bio	0.49	11.89	1.48	-18.66	-3.43	-5.08
17800	6.34	xtal-bio	0.49	11.89	1.48	-18.66	-3.43	-5.08
17800	1.93	bio-xtal	0.49	11.89	1.48	-18.66	-3.43	-5.08
17800	91.72	same	0.49	11.89	1.48	-18.66	-3.43	-5.08
17800	8.28	different	0.49	11.89	1.48	-18.66	-3.43	-5.08
18000	43.62	xtal-xtal	0.48	11.89	1.47	-18.66	-3.41	-5.06
18000	48.07	bio-bio	0.48	11.89	1.47	-18.66	-3.41	-5.06
18000	6.38	xtal-bio	0.48	11.89	1.47	-18.66	-3.41	-5.06
18000	1.93	bio-xtal	0.48	11.89	1.47	-18.66	-3.41	-5.06
18000	91.69	same	0.48	11.89	1.47	-18.66	-3.41	-5.06
18000	8.31	different	0.48	11.89	1.47	-18.66	-3.41	-5.06
18200	43.60	xtal-xtal	0.46	11.89	1.46	-18.66	-3.40	-5.04
18200	48.05	bio-bio	0.46	11.89	1.46	-18.66	-3.40	-5.04
18200	6.40	xtal-bio	0.46	11.89	1.46	-18.66	-3.40	-5.04
18200	1.95	bio-xtal	0.46	11.89	1.46	-18.66	-3.40	-5.04
18200	91.65	same	0.46	11.89	1.46	-18.66	-3.40	-5.04
18200	8.35	different	0.46	11.89	1.46	-18.66	-3.40	-5.04
18400	43.58	xtal-xtal	0.45	11.89	1.45	-18.66	-3.38	-5.02
18400	48.05	bio-bio	0.45	11.89	1.45	-18.66	-3.38	-5.02
18400	6.42	xtal-bio	0.45	11.89	1.45	-18.66	-3.38	-5.02
18400	1.95	bio-xtal	0.45	11.89	1.45	-18.66	-3.38	-5.02
18400	91.62	same	0.45	11.89	1.45	-18.66	-3.38	-5.02
18400	8.38	different	0.45	11.89	1.45	-18.66	-3.38	-5.02
18600	43.53	xtal-xtal	0.43	11.89	1.44	-18.66	-3.36	-5.01
18600	48.04	bio-bio	0.43	11.89	1.44	-18.66	-3.36	-5.01
18600	6.47	xtal-bio	0.43	11.89	1.44	-18.66	-3.36	-5.01
18600	1.96	bio-xtal	0.43	11.89	1.44	-18.66	-3.36	-5.01
18600	91.56	same	0.43	11.89	1.44	-18.66	-3.36	-5.01
18600	8.44	different	0.43	11.89	1.44	-18.66	-3.36	-5.01
18800	43.50	xtal-xtal	0.41	11.89	1.43	-18.66	-3.35	-4.99
18800	48.02	bio-bio	0.41	11.89	1.43	-18.66	-3.35	-4.99
18800	6.50	xtal-bio	0.41	11.89	1.43	-18.66	-3.35	-4.99
18800	1.98	bio-xtal	0.41	11.89	1.43	-18.66	-3.35	-4.99
18800	91.52	same	0.41	11.89	1.43	-18.66	-3.35	-4.99
18800	8.48	different	0.41	11.89	1.43	-18.66	-3.35	-4.99
19000	43.47	xtal-xtal	0.40	11.89	1.42	-18.66	-3.33	-4.97
19000	48.00	bio-bio	0.40	11.89	1.42	-18.66	-3.33	-4.97
19000	6.53	xtal-bio	0.40	11.89	1.42	-18.66	-3.33	-4.97
19000	2.00	bio-xtal	0.40	11.89	1.42	-18.66	-3.33	-4.97
19000	91.47	same	0.40	11.89	1.42	-18.66	-3.33	-4.97
19000	8.53	different	0.40	11.89	1.42	-18.66	-3.33	-4.97
19200	43.45	xtal-xtal	0.38	11.89	1.41	-18.66	-3.31	-4.95
19200	47.99	bio-bio	0.38	11.89	1.41	-18.66	-3.31	-4.95
19200	6.55	xtal-bio	0.38	11.89	1.41	-18.66	-3.31	-4.95
19200	2.01	bio-xtal	0.38	11.89	1.41	-18.66	-3.31	-4.95
19200	91.44	same	0.38	11.89	1.41	-18.66	-3.31	-4.95
19200	8.56	different	0.38	11.89	1.41	-18.66	-3.31	-4.95
19400	43.46	xtal-xtal	0.36	11.89	1.40	-18.66	-3.30	-4.94
19400	47.98	bio-bio	0.36	11.89	1.40	-18.66	-3.30	-4.94
19400	6.54	xtal-bio	0.36	11.89	1.40	-18.66	-3.30	-4.94
19400	2.02	bio-xtal	0.36	11.89	1.40	-18.66	-3.30	-4.94
19400	91.45	same	0.36	11.89	1.40	-18.66	-3.30	-4.94
19400	8.55	different	0.36	11.89	1.40	-18.66	-3.30	-4.94
19600	43.47	xtal-xtal	0.35	11.89	1.39	-18.66	-3.28	-4.92
19600	47.96	bio-bio	0.35	11.89	1.39	-18.66	-3.28	-4.92
19600	6.53	xtal-bio	0.35	11.89	1.39	-18.66	-3.28	-4.92
19600	2.04	bio-xtal	0.35	11.89	1.39	-18.66	-3.28	-4.92
19600	91.43	same	0.35	11.89	1.39	-18.66	-3.28	-4.92
19600	8.57	different	0.35	11.89	1.39	-18.66	-3.28	-4.92
19800	43.47	xtal-xtal	0.33	11.89	1.37	-18.66	-3.27	-4.90
19800	47.93	bio-bio	0.33	11.89	1.37	-18.66	-3.27	-4.90
19800	6.53	xtal-bio	0.33	11.89	1.37	-18.66	-3.27	-4.90
19800	2.07	bio-xtal	0.33	11.89	1.37	-18.66	-3.27	-4.90
19800	91.40	same	0.33	11.89	1.37	-18.66	-3.27	-4.90
19800	8.60	different	0.33	11.89	1.37	-18.66	-3.27	-4.90
20000	43.47	xtal-xtal	0.32	11.89	1.36	-18.66	-3.25	-4.89
20000	47.91	bio-bio	0.32	11.89	1.36	-18.66	-3.25	-4.89
20000	6.53	xtal-bio	0.32	11.89	1.36	-18.66	-3.25	-4.89
20000	2.08	bio-xtal	0.32	11.89	1.36	-18.66	-3.25	-4.89
20000	91.39	same	0.32	11.89	1.36	-18.66	-3.25	-4.89
20000	8.62	different	0.32	11.89	1.36	-18.66	-3.25	-4.89
20200	43.47	xtal-xtal	0.30	11.89	1.35	-18.66	-3.24	-4.87
20200	47.92	bio-bio	0.30	11.89	1.35	-18.66	-3.24	-4.87
20200	6.53	xtal-bio	0.30	11.89	1.35	-18.66	-3.24	-4.87
20200	2.08	bio-xtal	0.30	11.89	1.35	-18.66	-3.24	-4.87
20200	91.38	same	0.30	11.89	1.35	-18.66	-3.24	-4.87
20200	8.62	different	0.30	11.89	1.35	-18.66	-3.24	-4.87
20400	43.47	xtal-xtal	0.29	11.89	1.34	-18.66	-3.22	-4.86
20400	47.88	bio-bio	0.29	11.89	1.34	-18.66	-3.22	-4.86
20400	6.53	xtal-bio	0.29	11.89	1.34	-18.66	-3.22	-4.86
20400	2.12	bio-xtal	0.29	11.89	1.34	-18.66	-3.22	-4.86
20400	91.34	same	0.29	11.89	1.34	-18.66	-3.22	-4.86
20400	8.66	different	0.29	11.89	1.34	-18.66	-3.22	-4.86
20600	43.43	xtal-xtal	0.27	11.89	1.33	-18.66	-3.21	-4.84
20600	47.86	bio-bio	0.27	11.89	1.33	-18.66	-3.21	-4.84
20600	6.57	xtal-bio	0.27	11.89	1.33	-18.66	-3.21	-4.84
20600	2.14	bio-xtal	0.27	11.89	1.33	-18.66	-3.21	-4.84
20600	91.30	same	0.27	11.89	1.33	-18.66	-3.21	-4.84
20600	8.70	different	0.27	11.89	1.33	-18.66	-3.21	-4.84
20800	43.40	xtal-xtal	0.26	11.89	1.32	-18.66	-3.20	-4.82
20800	47.84	bio-bio	0.26	11.89	1.32	-18.66	-3.20	-4.82
20800	6.60	xtal-bio	0.26	11.89	1.32	-18.66	-3.20	-4.82
20800	2.16	bio-xtal	0.26	11.89	1.32	-18.66	-3.20	-4.82
20800	91.25	same	0.26	11.89	1.32	-18.66	-3.20	-4.82
20800	8.75	different	0.26	11.89	1.32	-18.66	-3.20	-4.82
21000	43.40	xtal-xtal	0.24	11.89	1.31	-18.66	-3.18	-4.81
21000	47.79	bio-bio	0.24	11.89	1.31	-18.66	-3.18	-4.81
21000	6.60	xtal-bio	0.24	11.89	1.31	-18.66	-3.18	-4.81
21000	2.21	bio-xtal	0.24	11.89	1.31	-18.66	-3.18	-4.81
21000	91.20	same	0.24	11.89	1.31	-18.66	-3.18	-4.81
21000	8.80	different	0.24	11.89	1.31	-18.66	-3.18	-4.81
21200	43.38	xtal-xtal	0.23	11.89	1.30	-18.66	-3.16	-4.79
21200	47.76	bio-bio	0.23	11.89	1.30	-18.66	-3.16	-4.79
21200	6.62	xtal-bio	0.23	11.89	1.30	-18.66	-3.16	-4.79
21200	2.24	bio-xtal	0.23	11.89	1.30	-18.66	-3.16	-4.79
21200	91.15	same	0.23	11.89	1.30	-18.66	-3.16	-4.79
21200	8.85	different	0.23	11.89	1.30	-18.66	-3.16	-4.79
21400	43.38	xtal-xtal	0.22	11.89	1.29	-18.66	-3.14	-4.78
21400	47.74	bio-bio	0.22	11.89	1.29	-18.66	-3.14	-4.78
21400	6.62	xtal-bio	0.22	11.89	1.29	-18.66	-3.14	-4.78
21400	2.26	bio-xtal	0.22	11.89	1.29	-18.66	-3.14	-4.78
21400	91.12	same	0.22	11.89	1.29	-18.66	-3.14	-4.78
21400	8.88	different	0.22	11.89	1.29	-18.66	-3.14	-4.78
21600	43.33	xtal-xtal	0.20	11.89	1.28	-18.66	-3.13	-4.76
21600	47.71	bio-bio	0.20	11.89	1.28	-18.66	-3.13	-4.76
21600	6.67	xtal-bio	0.20	11.89	1.28	-18.66	-3.13	-4.76
21600	2.29	bio-xtal	0.20	11.89	1.28	-18.66	-3.13	-4.76
21600	91.04	same	0.20	11.89	1.28	-18.66	-3.13	-4.76
21600	8.96	different	0.20	11.89	1.28	-18.66	-3.13	-4.76
21800	43.32	xtal-xtal	0.19	11.89	1.27	-18.66	-3.12	-4.75
21800	47.69	bio-bio	0.19	11.89	1.27	-18.66	-3.12	-4.75
21800	6.68	xtal-bio	0.19	11.89	1.27	-18.66	-3.12	-4.75
21800	2.31	bio-xtal	0.19	11.89	1.27	-18.66	-3.12	-4.75
21800	91.01	same	0.19	11.89	1.27	-18.66	-3.12	-4.75
21800	8.99	different	0.19	11.89	1.27	-18.66	-3.12	-4.75
22000	43.30	xtal-xtal	0.17	11.89	1.26	-18.66	-3.10	-4.73
22000	47.65	bio-bio	0.17	11.89	1.26	-18.66	-3.10	-4.73
22000	6.70	xtal-bio	0.17	11.89	1.26	-18.66	-3.10	-4.73
22000	2.35	bio-xtal	0.17	11.89	1.26	-18.66	-3.10	-4.73
22000	90.95	same	0.17	11.89	1.26	-18.66	-3.10	-4.73
22000	9.05	different	0.17	11.89	1.26	-18.66	-3.10	-4.73
22200	43.26	xtal-xtal	0.15	11.89	1.25	-18.66	-3.09	-4.72
22200	47.62	bio-bio	0.15	11.89	1.25	-18.66	-3.09	-4.72
22200	6.74	xtal-bio	0.15	11.89	1.25	-18.66	-3.09	-4.72
22200	2.38	bio-xtal	0.15	11.89	1.25	-18.66	-3.09	-4.72
22200	90.88	same	0.15	11.89	1.25	-18.66	-3.09	-4.72
22200	9.12	different	0.15	11.89	1.25	-18.66	-3.09	-4.72
22400	43.21	xtal-xtal	0.14	11.89	1.24	-18.66	-3.07	-4.70
22400	47.59	bio-bio	0.14	11.89	1.24	-18.66	-3.07	-4.70
22400	6.79	xtal-bio	0.14	11.89	1.24	-18.66	-3.07	-4.70
22400	2.41	bio-xtal	0.14	11.89	1.24	-18.66	-3.07	-4.70
22400	90.80	same	0.14	11.89	1.24	-18.66	-3.07	-4.70
22400	9.20	different	0.14	11.89	1.24	-18.66	-3.07	-4.70
22600	43.19	xtal-xtal	0.12	11.89	1.23	-18.66	-3.05	-4.69
22600	47.58	bio-bio	0.12	11.89	1.23	-18.66	-3.05	-4.69
22600	6.81	xtal-bio	0.12	11.89	1.23	-18.66	-3.05	-4.69
22600	2.42	bio-xtal	0.12	11.89	1.23	-18.66	-3.05	-4.69
22600	90.77	same	0.12	11.89	1.23	-18.66	-3.05	-4.69
22600	9.23	different	0.12	11.89	1.23	-18.66	-3.05	-4.69
22800	43.16	xtal-xtal	0.11	11.89	1.22	-18.66	-3.04	-4.67
22800	47.53	bio-bio	0.11	11.89	1.22	-18.66	-3.04	-4.67
22800	6.84	xtal-bio	0.11	11.89	1.22	-18.66	-3.04	-4.67
22800	2.47	bio-xtal	0.11	11.89	1.22	-18.66	-3.04	-4.67
22800	90.69	same	0.11	11.89	1.22	-18.66	-3.04	-4.67
22800	9.31	different	0.11	11.89	1.22	-18.66	-3.04	-4.67
23000	43.13	xtal-xtal	0.09	11.89	1.21	-18.66	-3.03	-4.66
23000	47.50	bio-bio	0.09	11.89	1.21	-18.66	-3.03	-4.66
23000	6.87	xtal-bio	0.09	11.89	1.21	-18.66	-3.03	-4.66
23000	2.50	bio-xtal	0.09	11.89	1.21	-18.66	-3.03	-4.66
23000	90.64	same	0.09	11.89	1.21	-18.66	-3.03	-4.66
23000	9.36	different	0.09	11.89	1.21	-18.66	-3.03	-4.66
23200	43.09	xtal-xtal	0.08	11.89	1.20	-18.66	-3.01	-4.65
23200	47.48	bio-bio	0.08	11.89	1.20	-18.66	-3.01	-4.65
23200	6.91	xtal-bio	0.08	11.89	1.20	-18.66	-3.01	-4.65
23200	2.52	bio-xtal	0.08	11.89	1.20	-18.66	-3.01	-4.65
23200	90.57	same	0.08	11.89	1.20	-18.66	-3.01	-4.65
23200	9.43	different	0.08	11.89	1.20	-18.66	-3.01	-4.65
23400	43.03	xtal-xtal	0.06	11.89	1.19	-18.66	-3.00	-4.63
23400	47.48	bio-bio	0.06	11.89	1.19	-18.66	-3.00	-4.63
23400	6.97	xtal-bio	0.06	11.89	1.19	-18.66	-3.00	-4.63
23400	2.52	bio-xtal	0.06	11.89	1.19	-18.66	-3.00	-4.63
23400	90.51	same	0.06	11.89	1.19	-18.66	-3.00	-4.63
23400	9.49	different	0.06	11.89	1.19	-18.66	-3.00	-4.63
23600	43.03	xtal-xtal	0.05	11.89	1.18	-18.66	-2.99	-4.62
23600	47.46	bio-bio	0.05	11.89	1.18	-18.66	-2.99	-4.62
23600	6.97	xtal-bio	0.05	11.89	1.18	-18.66	-2.99	-4.62
23600	2.54	bio-xtal	0.05	11.89	1.18	-18.66	-2.99	-4.62
23600	90.49	same	0.05	11.89	1.18	-18.66	-2.99	-4.62
23600	9.51	different	0.05	11.89	1.18	-18.66	-2.99	-4.62
23800	42.96	xtal-xtal	0.03	11.89	1.17	-18.66	-2.97	-4.60
23800	47.45	bio-bio	0.03	11.89	1.17	-18.66	-2.97	-4.60
23800	7.04	xtal-bio	0.03	11.89	1.17	-18.66	-2.97	-4.60
23800	2.55	bio-xtal	0.03	11.89	1.17	-18.66	-2.97	-4.60
23800	90.40	same	0.03	11.89	1.17	-18.66	-2.97	-4.60
23800	9.60	different	0.03	11.89	1.17	-18.66	-2.97	-4.60
24000	42.92	xtal-xtal	0.02	11.89	1.17	-18.66	-2.96	-4.59
24000	47.42	bio-bio	0.02	11.89	1.17	-18.66	-2.96	-4.59
24000	7.08	xtal-bio	0.02	11.89	1.17	-18.66	-2.96	-4.59
24000	2.57	bio-xtal	0.02	11.89	1.17	-18.66	-2.96	-4.59
24000	90.34	same	0.02	11.89	1.17	-18.66	-2.96	-4.59
24000	9.66	different	0.02	11.89	1.17	-18.66	-2.96	-4.59
24200	42.89	xtal-xtal	0.01	11.89	1.16	-18.66	-2.95	-4.58
24200	47.42	bio-bio	0.01	11.89	1.16	-18.66	-2.95	-4.58
24200	7.11	xtal-bio	0.01	11.89	1.16	-18.66	-2.95	-4.58
24200	2.58	bio-xtal	0.01	11.89	1.16	-18.66	-2.95	-4.58
24200	90.31	same	0.01	11.89	1.16	-18.66	-2.95	-4.58
24200	9.69	different	0.01	11.89	1.16	-18.66	-2.95	-4.58
24400	42.85	xtal-xtal	-0.01	11.89	1.15	-18.66	-2.94	-4.56
24400	47.39	bio-bio	-0.01	11.89	1.15	-18.66	-2.94	-4.56
24400	7.15	xtal-bio	-0.01	11.89	1.15	-18.66	-2.94	-4.56
24400	2.61	bio-xtal	-0.01	11.89	1.15	-18.66	-2.94	-4.56
24400	90.24	same	-0.01	11.89	1.15	-18.66	-2.94	-4.56
24400	9.76	different	-0.01	11.89	1.15	-18.66	-2.94	-4.56
24600	42.80	xtal-xtal	-0.02	11.89	1.14	-18.66	-2.92	-4.55
24600	47.36	bio-bio	-0.02	11.89	1.14	-18.66	-2.92	-4.55
24600	7.20	xtal-bio	-0.02	11.89	1.14	-18.66	-2.92	-4.55
24600	2.64	bio-xtal	-0.02	11.89	1.14	-18.66	-2.92	-4.55
24600	90.16	same	-0.02	11.89	1.14	-18.66	-2.92	-4.55
24600	9.84	different	-0.02	11.89	1.14	-18.66	-2.92	-4.55
24800	42.77	xtal-xtal	-0.03	11.89	1.13	-18.66	-2.91	-4.54
24800	47.35	bio-bio	-0.03	11.89	1.13	-18.66	-2.91	-4.54
24800	7.23	xtal-bio	-0.03	11.89	1.13	-18.66	-2.91	-4.54
24800	2.65	bio-xtal	-0.03	11.89	1.13	-18.66	-2.91	-4.54
24800	90.13	same	-0.03	11.89	1.13	-18.66	-2.91	-4.54
24800	9.87	different	-0.03	11.89	1.13	-18.66	-2.91	-4.54
25000	42.74	xtal-xtal	-0.05	11.89	1.12	-18.66	-2.90	-4.52
25000	47.34	bio-bio	-0.05	11.89	1.12	-18.66	-2.90	-4.52
25000	7.26	xtal-bio	-0.05	11.89	1.12	-18.66	-2.90	-4.52
25000	2.66	bio-xtal	-0.05	11.89	1.12	-18.66	-2.90	-4.52
25000	90.08	same	-0.05	11.89	1.12	-18.66	-2.90	-4.52
25000	9.92	different	-0.05	11.89	1.12	-18.66	-2.90	-4.52
25200	42.72	xtal-xtal	-0.06	11.89	1.11	-18.66	-2.89	-4.51
25200	47.34	bio-bio	-0.06	11.89	1.11	-18.66	-2.89	-4.51
25200	7.28	xtal-bio	-0.06	11.89	1.11	-18.66	-2.89	-4.51
25200	2.66	bio-xtal	-0.06	11.89	1.11	-18.66	-2.89	-4.51
25200	90.06	same	-0.06	11.89	1.11	-18.66	-2.89	-4.51
25200	9.94	different	-0.06	11.89	1.11	-18.66	-2.89	-4.51
25400	42.68	xtal-xtal	-0.08	11.89	1.10	-18.66	-2.88	-4.50
25400	47.31	bio-bio	-0.08	11.89	1.10	-18.66	-2.88	-4.50
25400	7.32	xtal-bio	-0.08	11.89	1.10	-18.66	-2.88	-4.50
25400	2.69	bio-xtal	-0.08	11.89	1.10	-18.66	-2.88	-4.50
25400	89.99	same	-0.08	11.89	1.10	-18.66	-2.88	-4.50
25400	10.01	different	-0.08	11.89	1.10	-18.66	-2.88	-4.50
25600	42.64	xtal-xtal	-0.09	11.89	1.09	-18.66	-2.87	-4.49
25600	47.32	bio-bio	-0.09	11.89	1.09	-18.66	-2.87	-4.49
25600	7.36	xtal-bio	-0.09	11.89	1.09	-18.66	-2.87	-4.49
25600	2.68	bio-xtal	-0.09	11.89	1.09	-18.66	-2.87	-4.49
25600	89.96	same	-0.09	11.89	1.09	-18.66	-2.87	-4.49
25600	10.04	different	-0.09	11.89	1.09	-18.66	-2.87	-4.49
25800	42.61	xtal-xtal	-0.11	11.89	1.08	-18.66	-2.85	-4.47
25800	47.31	bio-bio	-0.11	11.89	1.08	-18.66	-2.85	-4.47
25800	7.39	xtal-bio	-0.11	11.89	1.08	-18.66	-2.85	-4.47
25800	2.69	bio-xtal	-0.11	11.89	1.08	-18.66	-2.85	-4.47
25800	89.92	same	-0.11	11.89	1.08	-18.66	-2.85	-4.47
25800	10.08	different	-0.11	11.89	1.08	-18.66	-2.85	-4.47
26000	42.57	xtal-xtal	-0.12	11.89	1.07	-18.66	-2.84	-4.46
26000	47.30	bio-bio	-0.12	11.89	1.07	-18.66	-2.84	-4.46
26000	7.43	xtal-bio	-0.12	11.89	1.07	-18.66	-2.84	-4.46
26000	2.70	bio-xtal	-0.12	11.89	1.07	-18.66	-2.84	-4.46
26000	89.86	same	-0.12	11.89	1.07	-18.66	-2.84	-4.46
26000	10.14	different	-0.12	11.89	1.07	-18.66	-2.84	-4.46
26200	42.52	xtal-xtal	-0.14	11.89	1.06	-18.66	-2.83	-4.45
26200	47.29	bio-bio	-0.14	11.89	1.06	-18.66	-2.83	-4.45
26200	7.48	xtal-bio	-0.14	11.89	1.06	-18.66	-2.83	-4.45
26200	2.71	bio-xtal	-0.14	11.89	1.06	-18.66	-2.83	-4.45
26200	89.82	same	-0.14	11.89	1.06	-18.66	-2.83	-4.45
26200	10.18	different	-0.14	11.89	1.06	-18.66	-2.83	-4.45
26400	42.46	xtal-xtal	-0.16	11.89	1.05	-18.66	-2.82	-4.44
26400	47.29	bio-bio	-0.16	11.89	1.05	-18.66	-2.82	-4.44
26400	7.54	xtal-bio	-0.16	11.89	1.05	-18.66	-2.82	-4.44
26400	2.71	bio-xtal	-0.16	11.89	1.05	-18.66	-2.82	-4.44
26400	89.75	same	-0.16	11.89	1.05	-18.66	-2.82	-4.44
26400	10.25	different	-0.16	11.89	1.05	-18.66	-2.82	-4.44
26600	42.42	xtal-xtal	-0.17	11.89	1.04	-18.66	-2.80	-4.42
26600	47.29	bio-bio	-0.17	11.89	1.04	-18.66	-2.80	-4.42
26600	7.58	xtal-bio	-0.17	11.89	1.04	-18.66	-2.80	-4.42
26600	2.71	bio-xtal	-0.17	11.89	1.04	-18.66	-2.80	-4.42
26600	89.71	same	-0.17	11.89	1.04	-18.66	-2.80	-4.42
26600	10.29	different	-0.17	11.89	1.04	-18.66	-2.80	-4.42
26800	42.39	xtal-xtal	-0.19	11.89	1.04	-18.66	-2.79	-4.41
26800	47.25	bio-bio	-0.19	11.89	1.04	-18.66	-2.79	-4.41
26800	7.61	xtal-bio	-0.19	11.89	1.04	-18.66	-2.79	-4.41
26800	2.75	bio-xtal	-0.19	11.89	1.04	-18.66	-2.79	-4.41
26800	89.64	same	-0.19	11.89	1.04	-18.66	-2.79	-4.41
26800	10.36	different	-0.19	11.89	1.04	-18.66	-2.79	-4.41
27000	42.38	xtal-xtal	-0.20	11.89	1.03	-18.66	-2.78	-4.40
27000	47.23	bio-bio	-0.20	11.89	1.03	-18.66	-2.78	-4.40
27000	7.62	xtal-bio	-0.20	11.89	1.03	-18.66	-2.78	-4.40
27000	2.77	bio-xtal	-0.20	11.89	1.03	-18.66	-2.78	-4.40
27000	89.61	same	-0.20	11.89	1.03	-18.66	-2.78	-4.40
27000	10.39	different	-0.20	11.89	1.03	-18.66	-2.78	-4.40
27200	42.38	xtal-xtal	-0.22	11.89	1.02	-18.66	-2.77	-4.39
27200	47.22	bio-bio	-0.22	11.89	1.02	-18.66	-2.77	-4.39
27200	7.62	xtal-bio	-0.22	11.89	1.02	-18.66	-2.77	-4.39
27200	2.78	bio-xtal	-0.22	11.89	1.02	-18.66	-2.77	-4.39
27200	89.60	same	-0.22	11.89	1.02	-18.66	-2.77	-4.39
27200	10.40	different	-0.22	11.89	1.02	-18.66	-2.77	-4.39
27400	42.32	xtal-xtal	-0.24	11.89	1.01	-18.66	-2.76	-4.38
27400	47.19	bio-bio	-0.24	11.89	1.01	-18.66	-2.76	-4.38
27400	7.68	xtal-bio	-0.24	11.89	1.01	-18.66	-2.76	-4.38
27400	2.81	bio-xtal	-0.24	11.89	1.01	-18.66	-2.76	-4.38
27400	89.52	same	-0.24	11.89	1.01	-18.66	-2.76	-4.38
27400	10.48	different	-0.24	11.89	1.01	-18.66	-2.76	-4.38
27600	42.28	xtal-xtal	-0.26	11.89	1.00	-18.66	-2.75	-4.36
27600	47.18	bio-bio	-0.26	11.89	1.00	-18.66	-2.75	-4.36
27600	7.72	xtal-bio	-0.26	11.89	1.00	-18.66	-2.75	-4.36
27600	2.82	bio-xtal	-0.26	11.89	1.00	-18.66	-2.75	-4.36
27600	89.46	same	-0.26	11.89	1.00	-18.66	-2.75	-4.36
27600	10.54	different	-0.26	11.89	1.00	-18.66	-2.75	-4.36
27800	42.24	xtal-xtal	-0.27	11.89	0.99	-18.66	-2.74	-4.35
27800	47.16	bio-bio	-0.27	11.89	0.99	-18.66	-2.74	-4.35
27800	7.76	xtal-bio	-0.27	11.89	0.99	-18.66	-2.74	-4.35
27800	2.84	bio-xtal	-0.27	11.89	0.99	-18.66	-2.74	-4.35
27800	89.40	same	-0.27	11.89	0.99	-18.66	-2.74	-4.35
27800	10.60	different	-0.27	11.89	0.99	-18.66	-2.74	-4.35
28000	42.22	xtal-xtal	-0.29	11.89	0.98	-18.66	-2.73	-4.34
28000	47.14	bio-bio	-0.29	11.89	0.98	-18.66	-2.73	-4.34
28000	7.78	xtal-bio	-0.29	11.89	0.98	-18.66	-2.73	-4.34
28000	2.86	bio-xtal	-0.29	11.89	0.98	-18.66	-2.73	-4.34
28000	89.36	same	-0.29	11.89	0.98	-18.66	-2.73	-4.34
28000	10.64	different	-0.29	11.89	0.98	-18.66	-2.73	-4.34
28200	42.12	xtal-xtal	-0.31	11.89	0.97	-18.66	-2.72	-4.33
28200	47.14	bio-bio	-0.31	11.89	0.97	-18.66	-2.72	-4.33
28200	7.88	xtal-bio	-0.31	11.89	0.97	-18.66	-2.72	-4.33
28200	2.86	bio-xtal	-0.31	11.89	0.97	-18.66	-2.72	-4.33
28200	89.26	same	-0.31	11.89	0.97	-18.66	-2.72	-4.33
28200	10.74	different	-0.31	11.89	0.97	-18.66	-2.72	-4.33
28400	42.08	xtal-xtal	-0.33	11.89	0.96	-18.66	-2.71	-4.32
28400	47.11	bio-bio	-0.33	11.89	0.96	-18.66	-2.71	-4.32
28400	7.92	xtal-bio	-0.33	11.89	0.96	-18.66	-2.71	-4.32
28400	2.89	bio-xtal	-0.33	11.89	0.96	-18.66	-2.71	-4.32
28400	89.20	same	-0.33	11.89	0.96	-18.66	-2.71	-4.32
28400	10.80	different	-0.33	11.89	0.96	-18.66	-2.71	-4.32
28600	42.05	xtal-xtal	-0.35	11.89	0.95	-18.66	-2.70	-4.31
28600	47.09	bio-bio	-0.35	11.89	0.95	-18.66	-2.70	-4.31
28600	7.95	xtal-bio	-0.35	11.89	0.95	-18.66	-2.70	-4.31
28600	2.91	bio-xtal	-0.35	11.89	0.95	-18.66	-2.70	-4.31
28600	89.14	same	-0.35	11.89	0.95	-18.66	-2.70	-4.31
28600	10.86	different	-0.35	11.89	0.95	-18.66	-2.70	-4.31
28800	41.98	xtal-xtal	-0.37	11.89	0.94	-18.66	-2.69	-4.30
28800	47.09	bio-bio	-0.37	11.89	0.94	-18.66	-2.69	-4.30
28800	8.02	xtal-bio	-0.37	11.89	0.94	-18.66	-2.69	-4.30
28800	2.91	bio-xtal	-0.37	11.89	0.94	-18.66	-2.69	-4.30
28800	89.07	same	-0.37	11.89	0.94	-18.66	-2.69	-4.30
28800	10.93	different	-0.37	11.89	0.94	-18.66	-2.69	-4.30
29000	41.92	xtal-xtal	-0.39	11.89	0.94	-18.66	-2.68	-4.28
29000	47.06	bio-bio	-0.39	11.89	0.94	-18.66	-2.68	-4.28
29000	8.08	xtal-bio	-0.39	11.89	0.94	-18.66	-2.68	-4.28
29000	2.94	bio-xtal	-0.39	11.89	0.94	-18.66	-2.68	-4.28
29000	88.99	same	-0.39	11.89	0.94	-18.66	-2.68	-4.28
29000	11.01	different	-0.39	11.89	0.94	-18.66	-2.68	-4.28
29200	41.86	xtal-xtal	-0.41	11.89	0.93	-18.66	-2.67	-4.27
29200	47.05	bio-bio	-0.41	11.89	0.93	-18.66	-2.67	-4.27
29200	8.14	xtal-bio	-0.41	11.89	0.93	-18.66	-2.67	-4.27
29200	2.95	bio-xtal	-0.41	11.89	0.93	-18.66	-2.67	-4.27
29200	88.91	same	-0.41	11.89	0.93	-18.66	-2.67	-4.27
29200	11.09	different	-0.41	11.89	0.93	-18.66	-2.67	-4.27
29400	41.80	xtal-xtal	-0.42	11.89	0.92	-18.66	-2.66	-4.26
29400	47.05	bio-bio	-0.42	11.89	0.92	-18.66	-2.66	-4.26
29400	8.20	xtal-bio	-0.42	11.89	0.92	-18.66	-2.66	-4.26
29400	2.95	bio-xtal	-0.42	11.89	0.92	-18.66	-2.66	-4.26
29400	88.84	same	-0.42	11.89	0.92	-18.66	-2.66	-4.26
29400	11.16	different	-0.42	11.89	0.92	-18.66	-2.66	-4.26
29600	41.74	xtal-xtal	-0.44	11.89	0.91	-18.66	-2.65	-4.25
29600	47.03	bio-bio	-0.44	11.89	0.91	-18.66	-2.65	-4.25
29600	8.26	xtal-bio	-0.44	11.89	0.91	-18.66	-2.65	-4.25
29600	2.97	bio-xtal	-0.44	11.89	0.91	-18.66	-2.65	-4.25
29600	88.76	same	-0.44	11.89	0.91	-18.66	-2.65	-4.25
29600	11.24	different	-0.44	11.89	0.91	-18.66	-2.65	-4.25
29800	41.68	xtal-xtal	-0.46	11.89	0.90	-18.66	-2.64	-4.24
29800	47.02	bio-bio	-0.46	11.89	0.90	-18.66	-2.64	-4.24
29800	8.32	xtal-bio	-0.46	11.89	0.90	-18.66	-2.64	-4.24
29800	2.98	bio-xtal	-0.46	11.89	0.90	-18.66	-2.64	-4.24
29800	88.70	same	-0.46	11.89	0.90	-18.66	-2.64	-4.24
29800	11.30	different	-0.46	11.89	0.90	-18.66	-2.64	-4.24
30000	41.64	xtal-xtal	-0.48	11.89	0.89	-18.66	-2.63	-4.23
30000	47.02	bio-bio	-0.48	11.89	0.89	-18.66	-2.63	-4.23
30000	8.36	xtal-bio	-0.48	11.89	0.89	-18.66	-2.63	-4.23
30000	2.98	bio-xtal	-0.48	11.89	0.89	-18.66	-2.63	-4.23
30000	88.65	same	-0.48	11.89	0.89	-18.66	-2.63	-4.23
30000	11.35	different	-0.48	11.89	0.89	-18.66	-2.63	-4.23
30200	41.55	xtal-xtal	-0.49	11.89	0.88	-18.66	-2.62	-4.22
30200	47.00	bio-bio	-0.49	11.89	0.88	-18.66	-2.62	-4.22
30200	8.45	xtal-bio	-0.49	11.89	0.88	-18.66	-2.62	-4.22
30200	3.00	bio-xtal	-0.49	11.89	0.88	-18.66	-2.62	-4.22
30200	88.55	same	-0.49	11.89	0.88	-18.66	-2.62	-4.22
30200	11.45	different	-0.49	11.89	0.88	-18.66	-2.62	-4.22
30400	41.49	xtal-xtal	-0.51	11.89	0.87	-18.66	-2.61	-4.21
30400	46.98	bio-bio	-0.51	11.89	0.87	-18.66	-2.61	-4.21
30400	8.51	xtal-bio	-0.51	11.89	0.87	-18.66	-2.61	-4.21
30400	3.02	bio-xtal	-0.51	11.89	0.87	-18.66	-2.61	-4.21
30400	88.48	same	-0.51	11.89	0.87	-18.66	-2.61	-4.21
30400	11.52	different	-0.51	11.89	0.87	-18.66	-2.61	-4.21
30600	41.41	xtal-xtal	-0.53	11.89	0.86	-18.66	-2.60	-4.20
30600	46.97	bio-bio	-0.53	11.89	0.86	-18.66	-2.60	-4.20
30600	8.59	xtal-bio	-0.53	11.89	0.86	-18.66	-2.60	-4.20
30600	3.03	bio-xtal	-0.53	11.89	0.86	-18.66	-2.60	-4.20
30600	88.38	same	-0.53	11.89	0.86	-18.66	-2.60	-4.20
30600	11.62	different	-0.53	11.89	0.86	-18.66	-2.60	-4.20
30800	41.31	xtal-xtal	-0.55	11.89	0.85	-18.66	-2.59	-4.19
30800	46.97	bio-bio	-0.55	11.89	0.85	-18.66	-2.59	-4.19
30800	8.69	xtal-bio	-0.55	11.89	0.85	-18.66	-2.59	-4.19
30800	3.03	bio-xtal	-0.55	11.89	0.85	-18.66	-2.59	-4.19
30800	88.28	same	-0.55	11.89	0.85	-18.66	-2.59	-4.19
30800	11.72	different	-0.55	11.89	0.85	-18.66	-2.59	-4.19
31000	41.22	xtal-xtal	-0.57	11.89	0.84	-18.66	-2.58	-4.18
31000	46.95	bio-bio	-0.57	11.89	0.84	-18.66	-2.58	-4.18
31000	8.78	xtal-bio	-0.57	11.89	0.84	-18.66	-2.58	-4.18
31000	3.05	bio-xtal	-0.57	11.89	0.84	-18.66	-2.58	-4.18
31000	88.17	same	-0.57	11.89	0.84	-18.66	-2.58	-4.18
31000	11.83	different	-0.57	11.89	0.84	-18.66	-2.58	-4.18
31200	41.13	xtal-xtal	-0.60	11.89	0.83	-18.66	-2.57	-4.17
31200	46.93	bio-bio	-0.60	11.89	0.83	-18.66	-2.57	-4.17
31200	8.87	xtal-bio	-0.60	11.89	0.83	-18.66	-2.57	-4.17
31200	3.07	bio-xtal	-0.60	11.89	0.83	-18.66	-2.57	-4.17
31200	88.07	same	-0.60	11.89	0.83	-18.66	-2.57	-4.17
31200	11.93	different	-0.60	11.89	0.83	-18.66	-2.57	-4.17
31400	41.02	xtal-xtal	-0.62	11.89	0.83	-18.66	-2.56	-4.16
31400	46.92	bio-bio	-0.62	11.89	0.83	-18.66	-2.56	-4.16
31400	8.98	xtal-bio	-0.62	11.89	0.83	-18.66	-2.56	-4.16
31400	3.08	bio-xtal	-0.62	11.89	0.83	-18.66	-2.56	-4.16
31400	87.95	same	-0.62	11.89	0.83	-18.66	-2.56	-4.16
31400	12.05	different	-0.62	11.89	0.83	-18.66	-2.56	-4.16
31600	40.91	xtal-xtal	-0.64	11.89	0.82	-18.66	-2.55	-4.15
31600	46.91	bio-bio	-0.64	11.89	0.82	-18.66	-2.55	-4.15
31600	9.09	xtal-bio	-0.64	11.89	0.82	-18.66	-2.55	-4.15
31600	3.09	bio-xtal	-0.64	11.89	0.82	-18.66	-2.55	-4.15
31600	87.81	same	-0.64	11.89	0.82	-18.66	-2.55	-4.15
31600	12.19	different	-0.64	11.89	0.82	-18.66	-2.55	-4.15
31800	40.81	xtal-xtal	-0.66	11.89	0.81	-18.66	-2.54	-4.14
31800	46.88	bio-bio	-0.66	11.89	0.81	-18.66	-2.54	-4.14
31800	9.19	xtal-bio	-0.66	11.89	0.81	-18.66	-2.54	-4.14
31800	3.12	bio-xtal	-0.66	11.89	0.81	-18.66	-2.54	-4.14
31800	87.69	same	-0.66	11.89	0.81	-18.66	-2.54	-4.14
31800	12.31	different	-0.66	11.89	0.81	-18.66	-2.54	-4.14
32000	40.74	xtal-xtal	-0.68	11.89	0.80	-18.66	-2.53	-4.13
32000	46.86	bio-bio	-0.68	11.89	0.80	-18.66	-2.53	-4.13
32000	9.26	xtal-bio	-0.68	11.89	0.80	-18.66	-2.53	-4.13
32000	3.14	bio-xtal	-0.68	11.89	0.80	-18.66	-2.53	-4.13
32000	87.59	same	-0.68	11.89	0.80	-18.66	-2.53	-4.13
32000	12.41	different	-0.68	11.89	0.80	-18.66	-2.53	-4.13
32200	40.62	xtal-xtal	-0.70	11.89	0.79	-18.66	-2.53	-4.12
32200	46.84	bio-bio	-0.70	11.89	0.79	-18.66	-2.53	-4.12
32200	9.38	xtal-bio	-0.70	11.89	0.79	-18.66	-2.53	-4.12
32200	3.16	bio-xtal	-0.70	11.89	0.79	-18.66	-2.53	-4.12
32200	87.47	same	-0.70	11.89	0.79	-18.66	-2.53	-4.12
32200	12.53	different	-0.70	11.89	0.79	-18.66	-2.53	-4.12
32400	40.51	xtal-xtal	-0.72	11.89	0.78	-18.66	-2.51	-4.11
32400	46.84	bio-bio	-0.72	11.89	0.78	-18.66	-2.51	-4.11
32400	9.49	xtal-bio	-0.72	11.89	0.78	-18.66	-2.51	-4.11
32400	3.16	bio-xtal	-0.72	11.89	0.78	-18.66	-2.51	-4.11
32400	87.35	same	-0.72	11.89	0.78	-18.66	-2.51	-4.11
32400	12.65	different	-0.72	11.89	0.78	-18.66	-2.51	-4.11
32600	40.39	xtal-xtal	-0.75	11.89	0.77	-18.66	-2.50	-4.10
32600	46.83	bio-bio	-0.75	11.89	0.77	-18.66	-2.50	-4.10
32600	9.61	xtal-bio	-0.75	11.89	0.77	-18.66	-2.50	-4.10
32600	3.17	bio-xtal	-0.75	11.89	0.77	-18.66	-2.50	-4.10
32600	87.21	same	-0.75	11.89	0.77	-18.66	-2.50	-4.10
32600	12.79	different	-0.75	11.89	0.77	-18.66	-2.50	-4.10
32800	40.31	xtal-xtal	-0.77	11.89	0.76	-18.66	-2.49	-4.09
32800	46.80	bio-bio	-0.77	11.89	0.76	-18.66	-2.49	-4.09
32800	9.69	xtal-bio	-0.77	11.89	0.76	-18.66	-2.49	-4.09
32800	3.20	bio-xtal	-0.77	11.89	0.76	-18.66	-2.49	-4.09
32800	87.11	same	-0.77	11.89	0.76	-18.66	-2.49	-4.09
32800	12.89	different	-0.77	11.89	0.76	-18.66	-2.49	-4.09
33000	40.20	xtal-xtal	-0.80	11.89	0.75	-18.66	-2.48	-4.08
33000	46.78	bio-bio	-0.80	11.89	0.75	-18.66	-2.48	-4.08
33000	9.80	xtal-bio	-0.80	11.89	0.75	-18.66	-2.48	-4.08
33000	3.22	bio-xtal	-0.80	11.89	0.75	-18.66	-2.48	-4.08
33000	86.99	same	-0.80	11.89	0.75	-18.66	-2.48	-4.08
33000	13.01	different	-0.80	11.89	0.75	-18.66	-2.48	-4.08
33200	40.11	xtal-xtal	-0.83	11.89	0.74	-18.66	-2.47	-4.07
33200	46.77	bio-bio	-0.83	11.89	0.74	-18.66	-2.47	-4.07
33200	9.89	xtal-bio	-0.83	11.89	0.74	-18.66	-2.47	-4.07
33200	3.23	bio-xtal	-0.83	11.89	0.74	-18.66	-2.47	-4.07
33200	86.89	same	-0.83	11.89	0.74	-18.66	-2.47	-4.07
33200	13.11	different	-0.83	11.89	0.74	-18.66	-2.47	-4.07
33400	40.02	xtal-xtal	-0.85	11.89	0.73	-18.66	-2.46	-4.06
33400	46.74	bio-bio	-0.85	11.89	0.73	-18.66	-2.46	-4.06
33400	9.98	xtal-bio	-0.85	11.89	0.73	-18.66	-2.46	-4.06
33400	3.26	bio-xtal	-0.85	11.89	0.73	-18.66	-2.46	-4.06
33400	86.77	same	-0.85	11.89	0.73	-18.66	-2.46	-4.06
33400	13.23	different	-0.85	11.89	0.73	-18.66	-2.46	-4.06
33600	39.90	xtal-xtal	-0.88	11.89	0.72	-18.66	-2.45	-4.05
33600	46.72	bio-bio	-0.88	11.89	0.72	-18.66	-2.45	-4.05
33600	10.10	xtal-bio	-0.88	11.89	0.72	-18.66	-2.45	-4.05
33600	3.28	bio-xtal	-0.88	11.89	0.72	-18.66	-2.45	-4.05
33600	86.62	same	-0.88	11.89	0.72	-18.66	-2.45	-4.05
33600	13.38	different	-0.88	11.89	0.72	-18.66	-2.45	-4.05
33800	39.80	xtal-xtal	-0.91	11.89	0.71	-18.66	-2.44	-4.04
33800	46.70	bio-bio	-0.91	11.89	0.71	-18.66	-2.44	-4.04
33800	10.20	xtal-bio	-0.91	11.89	0.71	-18.66	-2.44	-4.04
33800	3.30	bio-xtal	-0.91	11.89	0.71	-18.66	-2.44	-4.04
33800	86.49	same	-0.91	11.89	0.71	-18.66	-2.44	-4.04
33800	13.51	different	-0.91	11.89	0.71	-18.66	-2.44	-4.04
34000	39.68	xtal-xtal	-0.93	11.89	0.70	-18.66	-2.44	-4.03
34000	46.66	bio-bio	-0.93	11.89	0.70	-18.66	-2.44	-4.03
34000	10.32	xtal-bio	-0.93	11.89	0.70	-18.66	-2.44	-4.03
34000	3.34	bio-xtal	-0.93	11.89	0.70	-18.66	-2.44	-4.03
34000	86.34	same	-0.93	11.89	0.70	-18.66	-2.44	-4.03
34000	13.66	different	-0.93	11.89	0.70	-18.66	-2.44	-4.03
34200	39.59	xtal-xtal	-0.96	11.89	0.69	-18.66	-2.43	-4.02
34200	46.65	bio-bio	-0.96	11.89	0.69	-18.66	-2.43	-4.02
34200	10.41	xtal-bio	-0.96	11.89	0.69	-18.66	-2.43	-4.02
34200	3.35	bio-xtal	-0.96	11.89	0.69	-18.66	-2.43	-4.02
34200	86.24	same	-0.96	11.89	0.69	-18.66	-2.43	-4.02
34200	13.76	different	-0.96	11.89	0.69	-18.66	-2.43	-4.02
34400	39.49	xtal-xtal	-0.99	11.89	0.68	-18.66	-2.42	-4.01
34400	46.63	bio-bio	-0.99	11.89	0.68	-18.66	-2.42	-4.01
34400	10.51	xtal-bio	-0.99	11.89	0.68	-18.66	-2.42	-4.01
34400	3.37	bio-xtal	-0.99	11.89	0.68	-18.66	-2.42	-4.01
34400	86.12	same	-0.99	11.89	0.68	-18.66	-2.42	-4.01
34400	13.88	different	-0.99	11.89	0.68	-18.66	-2.42	-4.01
34600	39.29	xtal-xtal	-1.01	11.89	0.67	-18.66	-2.41	-4.00
34600	46.74	bio-bio	-1.01	11.89	0.67	-18.66	-2.41	-4.00
34600	10.51	xtal-bio	-1.01	11.89	0.67	-18.66	-2.41	-4.00
34600	3.45	bio-xtal	-1.01	11.89	0.67	-18.66	-2.41	-4.00
34600	86.03	same	-1.01	11.89	0.67	-18.66	-2.41	-4.00
34600	13.97	different	-1.01	11.89	0.67	-18.66	-2.41	-4.00
34800	39.07	xtal-xtal	-1.02	11.89	0.66	-18.66	-2.40	-3.99
34800	46.87	bio-bio	-1.02	11.89	0.66	-18.66	-2.40	-3.99
34800	10.45	xtal-bio	-1.02	11.89	0.66	-18.66	-2.40	-3.99
34800	3.61	bio-xtal	-1.02	11.89	0.66	-18.66	-2.40	-3.99
34800	85.94	same	-1.02	11.89	0.66	-18.66	-2.40	-3.99
34800	14.06	different	-1.02	11.89	0.66	-18.66	-2.40	-3.99
35000	38.85	xtal-xtal	-1.04	11.89	0.66	-18.66	-2.39	-3.98
35000	47.02	bio-bio	-1.04	11.89	0.66	-18.66	-2.39	-3.98
35000	10.39	xtal-bio	-1.04	11.89	0.66	-18.66	-2.39	-3.98
35000	3.74	bio-xtal	-1.04	11.89	0.66	-18.66	-2.39	-3.98
35000	85.86	same	-1.04	11.89	0.66	-18.66	-2.39	-3.98
35000	14.14	different	-1.04	11.89	0.66	-18.66	-2.39	-3.98
35200	38.62	xtal-xtal	-1.05	11.89	0.65	-18.66	-2.38	-3.97
35200	47.13	bio-bio	-1.05	11.89	0.65	-18.66	-2.38	-3.97
35200	10.34	xtal-bio	-1.05	11.89	0.65	-18.66	-2.38	-3.97
35200	3.91	bio-xtal	-1.05	11.89	0.65	-18.66	-2.38	-3.97
35200	85.76	same	-1.05	11.89	0.65	-18.66	-2.38	-3.97
35200	14.24	different	-1.05	11.89	0.65	-18.66	-2.38	-3.97
35400	38.41	xtal-xtal	-1.06	11.89	0.64	-18.66	-2.37	-3.97
35400	47.27	bio-bio	-1.06	11.89	0.64	-18.66	-2.37	-3.97
35400	10.28	xtal-bio	-1.06	11.89	0.64	-18.66	-2.37	-3.97
35400	4.05	bio-xtal	-1.06	11.89	0.64	-18.66	-2.37	-3.97
35400	85.67	same	-1.06	11.89	0.64	-18.66	-2.37	-3.97
35400	14.33	different	-1.06	11.89	0.64	-18.66	-2.37	-3.97
35600	38.19	xtal-xtal	-1.08	11.89	0.63	-18.66	-2.36	-3.96
35600	47.37	bio-bio	-1.08	11.89	0.63	-18.66	-2.36	-3.96
35600	10.22	xtal-bio	-1.08	11.89	0.63	-18.66	-2.36	-3.96
35600	4.22	bio-xtal	-1.08	11.89	0.63	-18.66	-2.36	-3.96
35600	85.56	same	-1.08	11.89	0.63	-18.66	-2.36	-3.96
35600	14.44	different	-1.08	11.89	0.63	-18.66	-2.36	-3.96
35800	37.98	xtal-xtal	-1.09	11.89	0.62	-18.66	-2.35	-3.95
35800	47.46	bio-bio	-1.09	11.89	0.62	-18.66	-2.35	-3.95
35800	10.16	xtal-bio	-1.09	11.89	0.62	-18.66	-2.35	-3.95
35800	4.41	bio-xtal	-1.09	11.89	0.62	-18.66	-2.35	-3.95
35800	85.43	same	-1.09	11.89	0.62	-18.66	-2.35	-3.95
35800	14.57	different	-1.09	11.89	0.62	-18.66	-2.35	-3.95
36000	37.77	xtal-xtal	-1.11	11.89	0.61	-18.66	-2.35	-3.94
36000	47.59	bio-bio	-1.11	11.89	0.61	-18.66	-2.35	-3.94
36000	10.11	xtal-bio	-1.11	11.89	0.61	-18.66	-2.35	-3.94
36000	4.54	bio-xtal	-1.11	11.89	0.61	-18.66	-2.35	-3.94
36000	85.36	same	-1.11	11.89	0.61	-18.66	-2.35	-3.94
36000	14.64	different	-1.11	11.89	0.61	-18.66	-2.35	-3.94
36200	37.56	xtal-xtal	-1.12	11.89	0.60	-18.66	-2.34	-3.93
36200	47.66	bio-bio	-1.12	11.89	0.60	-18.66	-2.34	-3.93
36200	10.05	xtal-bio	-1.12	11.89	0.60	-18.66	-2.34	-3.93
36200	4.73	bio-xtal	-1.12	11.89	0.60	-18.66	-2.34	-3.93
36200	85.22	same	-1.12	11.89	0.60	-18.66	-2.34	-3.93
36200	14.78	different	-1.12	11.89	0.60	-18.66	-2.34	-3.93
36400	37.35	xtal-xtal	-1.14	11.89	0.59	-18.66	-2.33	-3.92
36400	47.77	bio-bio	-1.14	11.89	0.59	-18.66	-2.33	-3.92
36400	9.99	xtal-bio	-1.14	11.89	0.59	-18.66	-2.33	-3.92
36400	4.88	bio-xtal	-1.14	11.89	0.59	-18.66	-2.33	-3.92
36400	85.13	same	-1.14	11.89	0.59	-18.66	-2.33	-3.92
36400	14.87	different	-1.14	11.89	0.59	-18.66	-2.33	-3.92
36600	37.15	xtal-xtal	-1.15	11.89	0.58	-18.66	-2.32	-3.91
36600	47.90	bio-bio	-1.15	11.89	0.58	-18.66	-2.32	-3.91
36600	9.94	xtal-bio	-1.15	11.89	0.58	-18.66	-2.32	-3.91
36600	5.01	bio-xtal	-1.15	11.89	0.58	-18.66	-2.32	-3.91
36600	85.05	same	-1.15	11.89	0.58	-18.66	-2.32	-3.91
36600	14.95	different	-1.15	11.89	0.58	-18.66	-2.32	-3.91
36800	36.95	xtal-xtal	-1.16	11.89	0.57	-18.66	-2.31	-3.90
36800	48.04	bio-bio	-1.16	11.89	0.57	-18.66	-2.31	-3.90
36800	9.89	xtal-bio	-1.16	11.89	0.57	-18.66	-2.31	-3.90
36800	5.12	bio-xtal	-1.16	11.89	0.57	-18.66	-2.31	-3.90
36800	84.99	same	-1.16	11.89	0.57	-18.66	-2.31	-3.90
36800	15.01	different	-1.16	11.89	0.57	-18.66	-2.31	-3.90
37000	36.75	xtal-xtal	-1.18	11.89	0.56	-18.66	-2.30	-3.90
37000	48.17	bio-bio	-1.18	11.89	0.56	-18.66	-2.30	-3.90
37000	9.83	xtal-bio	-1.18	11.89	0.56	-18.66	-2.30	-3.90
37000	5.25	bio-xtal	-1.18	11.89	0.56	-18.66	-2.30	-3.90
37000	84.91	same	-1.18	11.89	0.56	-18.66	-2.30	-3.90
37000	15.09	different	-1.18	11.89	0.56	-18.66	-2.30	-3.90
37200	36.55	xtal-xtal	-1.19	11.89	0.55	-18.66	-2.29	-3.89
37200	48.27	bio-bio	-1.19	11.89	0.55	-18.66	-2.29	-3.89
37200	9.78	xtal-bio	-1.19	11.89	0.55	-18.66	-2.29	-3.89
37200	5.40	bio-xtal	-1.19	11.89	0.55	-18.66	-2.29	-3.89
37200	84.82	same	-1.19	11.89	0.55	-18.66	-2.29	-3.89
37200	15.18	different	-1.19	11.89	0.55	-18.66	-2.29	-3.89
37400	36.35	xtal-xtal	-1.21	11.89	0.54	-18.66	-2.29	-3.88
37400	48.38	bio-bio	-1.21	11.89	0.54	-18.66	-2.29	-3.88
37400	9.73	xtal-bio	-1.21	11.89	0.54	-18.66	-2.29	-3.88
37400	5.54	bio-xtal	-1.21	11.89	0.54	-18.66	-2.29	-3.88
37400	84.74	same	-1.21	11.89	0.54	-18.66	-2.29	-3.88
37400	15.26	different	-1.21	11.89	0.54	-18.66	-2.29	-3.88
37600	36.16	xtal-xtal	-1.22	11.89	0.53	-18.66	-2.28	-3.87
37600	48.51	bio-bio	-1.22	11.89	0.53	-18.66	-2.28	-3.87
37600	9.68	xtal-bio	-1.22	11.89	0.53	-18.66	-2.28	-3.87
37600	5.66	bio-xtal	-1.22	11.89	0.53	-18.66	-2.28	-3.87
37600	84.66	same	-1.22	11.89	0.53	-18.66	-2.28	-3.87
37600	15.34	different	-1.22	11.89	0.53	-18.66	-2.28	-3.87
37800	35.97	xtal-xtal	-1.23	11.89	0.52	-18.66	-2.27	-3.86
37800	48.65	bio-bio	-1.23	11.89	0.52	-18.66	-2.27	-3.86
37800	9.62	xtal-bio	-1.23	11.89	0.52	-18.66	-2.27	-3.86
37800	5.75	bio-xtal	-1.23	11.89	0.52	-18.66	-2.27	-3.86
37800	84.62	same	-1.23	11.89	0.52	-18.66	-2.27	-3.86
37800	15.38	different	-1.23	11.89	0.52	-18.66	-2.27	-3.86
38000	35.78	xtal-xtal	-1.24	11.89	0.51	-18.66	-2.26	-3.85
38000	48.78	bio-bio	-1.24	11.89	0.51	-18.66	-2.26	-3.85
38000	9.57	xtal-bio	-1.24	11.89	0.51	-18.66	-2.26	-3.85
38000	5.86	bio-xtal	-1.24	11.89	0.51	-18.66	-2.26	-3.85
38000	84.56	same	-1.24	11.89	0.51	-18.66	-2.26	-3.85
38000	15.44	different	-1.24	11.89	0.51	-18.66	-2.26	-3.85
38200	35.59	xtal-xtal	-1.25	11.89	0.50	-18.66	-2.25	-3.84
38200	48.91	bio-bio	-1.25	11.89	0.50	-18.66	-2.25	-3.84
38200	9.52	xtal-bio	-1.25	11.89	0.50	-18.66	-2.25	-3.84
38200	5.97	bio-xtal	-1.25	11.89	0.50	-18.66	-2.25	-3.84
38200	84.50	same	-1.25	11.89	0.50	-18.66	-2.25	-3.84
38200	15.50	different	-1.25	11.89	0.50	-18.66	-2.25	-3.84
38400	35.41	xtal-xtal	-1.26	11.89	0.49	-18.66	-2.24	-3.84
38400	49.03	bio-bio	-1.26	11.89	0.49	-18.66	-2.24	-3.84
38400	9.47	xtal-bio	-1.26	11.89	0.49	-18.66	-2.24	-3.84
38400	6.09	bio-xtal	-1.26	11.89	0.49	-18.66	-2.24	-3.84
38400	84.44	same	-1.26	11.89	0.49	-18.66	-2.24	-3.84
38400	15.56	different	-1.26	11.89	0.49	-18.66	-2.24	-3.84
38600	35.22	xtal-xtal	-1.28	11.89	0.49	-18.66	-2.23	-3.83
38600	49.17	bio-bio	-1.28	11.89	0.49	-18.66	-2.23	-3.83
38600	9.42	xtal-bio	-1.28	11.89	0.49	-18.66	-2.23	-3.83
38600	6.18	bio-xtal	-1.28	11.89	0.49	-18.66	-2.23	-3.83
38600	84.39	same	-1.28	11.89	0.49	-18.66	-2.23	-3.83
38600	15.61	different	-1.28	11.89	0.49	-18.66	-2.23	-3.83
38800	35.04	xtal-xtal	-1.29	11.89	0.48	-18.66	-2.22	-3.82
38800	49.27	bio-bio	-1.29	11.89	0.48	-18.66	-2.22	-3.82
38800	9.38	xtal-bio	-1.29	11.89	0.48	-18.66	-2.22	-3.82
38800	6.31	bio-xtal	-1.29	11.89	0.48	-18.66	-2.22	-3.82
38800	84.31	same	-1.29	11.89	0.48	-18.66	-2.22	-3.82
38800	15.69	different	-1.29	11.89	0.48	-18.66	-2.22	-3.82
39000	34.86	xtal-xtal	-1.30	11.89	0.47	-18.66	-2.21	-3.81
39000	49.38	bio-bio	-1.30	11.89	0.47	-18.66	-2.21	-3.81
39000	9.33	xtal-bio	-1.30	11.89	0.47	-18.66	-2.21	-3.81
39000	6.43	bio-xtal	-1.30	11.89	0.47	-18.66	-2.21	-3.81
39000	84.24	same	-1.30	11.89	0.47	-18.66	-2.21	-3.81
39000	15.76	different	-1.30	11.89	0.47	-18.66	-2.21	-3.81
39200	34.68	xtal-xtal	-1.31	11.89	0.46	-18.66	-2.20	-3.80
39200	49.50	bio-bio	-1.31	11.89	0.46	-18.66	-2.20	-3.80
39200	9.28	xtal-bio	-1.31	11.89	0.46	-18.66	-2.20	-3.80
39200	6.54	bio-xtal	-1.31	11.89	0.46	-18.66	-2.20	-3.80
39200	84.18	same	-1.31	11.89	0.46	-18.66	-2.20	-3.80
39200	15.82	different	-1.31	11.89	0.46	-18.66	-2.20	-3.80
39400	34.51	xtal-xtal	-1.32	11.89	0.45	-18.66	-2.19	-3.79
39400	49.62	bio-bio	-1.32	11.89	0.45	-18.66	-2.19	-3.79
39400	9.23	xtal-bio	-1.32	11.89	0.45	-18.66	-2.19	-3.79
39400	6.63	bio-xtal	-1.32	11.89	0.45	-18.66	-2.19	-3.79
39400	84.13	same	-1.32	11.89	0.45	-18.66	-2.19	-3.79
39400	15.87	different	-1.32	11.89	0.45	-18.66	-2.19	-3.79
39600	34.33	xtal-xtal	-1.34	11.89	0.44	-18.66	-2.18	-3.79
39600	49.76	bio-bio	-1.34	11.89	0.44	-18.66	-2.18	-3.79
39600	9.19	xtal-bio	-1.34	11.89	0.44	-18.66	-2.18	-3.79
39600	6.72	bio-xtal	-1.34	11.89	0.44	-18.66	-2.18	-3.79
39600	84.09	same	-1.34	11.89	0.44	-18.66	-2.18	-3.79
39600	15.91	different	-1.34	11.89	0.44	-18.66	-2.18	-3.79
39800	34.16	xtal-xtal	-1.35	11.89	0.43	-18.66	-2.17	-3.78
39800	49.87	bio-bio	-1.35	11.89	0.43	-18.66	-2.17	-3.78
39800	9.14	xtal-bio	-1.35	11.89	0.43	-18.66	-2.17	-3.78
39800	6.83	bio-xtal	-1.35	11.89	0.43	-18.66	-2.17	-3.78
39800	84.03	same	-1.35	11.89	0.43	-18.66	-2.17	-3.78
39800	15.97	different	-1.35	11.89	0.43	-18.66	-2.17	-3.78
40000	33.99	xtal-xtal	-1.36	11.89	0.42	-18.66	-2.16	-3.77
40000	49.96	bio-bio	-1.36	11.89	0.42	-18.66	-2.16	-3.77
40000	9.10	xtal-bio	-1.36	11.89	0.42	-18.66	-2.16	-3.77
40000	6.95	bio-xtal	-1.36	11.89	0.42	-18.66	-2.16	-3.77
40000	83.95	same	-1.36	11.89	0.42	-18.66	-2.16	-3.77
40000	16.05	different	-1.36	11.89	0.42	-18.66	-2.16	-3.77
40200	33.82	xtal-xtal	-1.37	11.89	0.41	-18.66	-2.15	-3.76
40200	50.09	bio-bio	-1.37	11.89	0.41	-18.66	-2.15	-3.76
40200	9.05	xtal-bio	-1.37	11.89	0.41	-18.66	-2.15	-3.76
40200	7.04	bio-xtal	-1.37	11.89	0.41	-18.66	-2.15	-3.76
40200	83.91	same	-1.37	11.89	0.41	-18.66	-2.15	-3.76
40200	16.09	different	-1.37	11.89	0.41	-18.66	-2.15	-3.76
40400	33.65	xtal-xtal	-1.38	11.89	0.41	-18.66	-2.14	-3.75
40400	50.20	bio-bio	-1.38	11.89	0.41	-18.66	-2.14	-3.75
40400	9.00	xtal-bio	-1.38	11.89	0.41	-18.66	-2.14	-3.75
40400	7.14	bio-xtal	-1.38	11.89	0.41	-18.66	-2.14	-3.75
40400	83.85	same	-1.38	11.89	0.41	-18.66	-2.14	-3.75
40400	16.15	different	-1.38	11.89	0.41	-18.66	-2.14	-3.75
40600	33.49	xtal-xtal	-1.39	11.89	0.40	-18.66	-2.13	-3.75
40600	50.32	bio-bio	-1.39	11.89	0.40	-18.66	-2.13	-3.75
40600	8.96	xtal-bio	-1.39	11.89	0.40	-18.66	-2.13	-3.75
40600	7.24	bio-xtal	-1.39	11.89	0.40	-18.66	-2.13	-3.75
40600	83.80	same	-1.39	11.89	0.40	-18.66	-2.13	-3.75
40600	16.20	different	-1.39	11.89	0.40	-18.66	-2.13	-3.75
40800	33.32	xtal-xtal	-1.40	11.89	0.39	-18.66	-2.12	-3.74
40800	50.40	bio-bio	-1.40	11.89	0.39	-18.66	-2.12	-3.74
40800	8.92	xtal-bio	-1.40	11.89	0.39	-18.66	-2.12	-3.74
40800	7.36	bio-xtal	-1.40	11.89	0.39	-18.66	-2.12	-3.74
40800	83.72	same	-1.40	11.89	0.39	-18.66	-2.12	-3.74
40800	16.28	different	-1.40	11.89	0.39	-18.66	-2.12	-3.74
41000	33.16	xtal-xtal	-1.41	11.89	0.38	-18.66	-2.11	-3.73
41000	50.51	bio-bio	-1.41	11.89	0.38	-18.66	-2.11	-3.73
41000	8.87	xtal-bio	-1.41	11.89	0.38	-18.66	-2.11	-3.73
41000	7.45	bio-xtal	-1.41	11.89	0.38	-18.66	-2.11	-3.73
41000	83.67	same	-1.41	11.89	0.38	-18.66	-2.11	-3.73
41000	16.33	different	-1.41	11.89	0.38	-18.66	-2.11	-3.73
41200	33.00	xtal-xtal	-1.42	11.89	0.37	-18.66	-2.10	-3.72
41200	50.65	bio-bio	-1.42	11.89	0.37	-18.66	-2.10	-3.72
41200	8.83	xtal-bio	-1.42	11.89	0.37	-18.66	-2.10	-3.72
41200	7.52	bio-xtal	-1.42	11.89	0.37	-18.66	-2.10	-3.72
41200	83.65	same	-1.42	11.89	0.37	-18.66	-2.10	-3.72
41200	16.35	different	-1.42	11.89	0.37	-18.66	-2.10	-3.72
41400	32.84	xtal-xtal	-1.44	11.89	0.36	-18.66	-2.09	-3.72
41400	50.78	bio-bio	-1.44	11.89	0.36	-18.66	-2.09	-3.72
41400	8.79	xtal-bio	-1.44	11.89	0.36	-18.66	-2.09	-3.72
41400	7.59	bio-xtal	-1.44	11.89	0.36	-18.66	-2.09	-3.72
41400	83.62	same	-1.44	11.89	0.36	-18.66	-2.09	-3.72
41400	16.38	different	-1.44	11.89	0.36	-18.66	-2.09	-3.72
41600	32.68	xtal-xtal	-1.45	11.89	0.35	-18.66	-2.08	-3.71
41600	50.88	bio-bio	-1.45	11.89	0.35	-18.66	-2.08	-3.71
41600	8.75	xtal-bio	-1.45	11.89	0.35	-18.66	-2.08	-3.71
41600	7.69	bio-xtal	-1.45	11.89	0.35	-18.66	-2.08	-3.71
41600	83.56	same	-1.45	11.89	0.35	-18.66	-2.08	-3.71
41600	16.44	different	-1.45	11.89	0.35	-18.66	-2.08	-3.71
41800	32.53	xtal-xtal	-1.46	11.89	0.34	-18.66	-2.07	-3.70
41800	50.97	bio-bio	-1.46	11.89	0.34	-18.66	-2.07	-3.70
41800	8.70	xtal-bio	-1.46	11.89	0.34	-18.66	-2.07	-3.70
41800	7.80	bio-xtal	-1.46	11.89	0.34	-18.66	-2.07	-3.70
41800	83.50	same	-1.46	11.89	0.34	-18.66	-2.07	-3.70
41800	16.50	different	-1.46	11.89	0.34	-18.66	-2.07	-3.70
42000	32.37	xtal-xtal	-1.47	11.89	0.34	-18.66	-2.06	-3.69
42000	51.09	bio-bio	-1.47	11.89	0.34	-18.66	-2.06	-3.69
42000	8.66	xtal-bio	-1.47	11.89	0.34	-18.66	-2.06	-3.69
42000	7.88	bio-xtal	-1.47	11.89	0.34	-18.66	-2.06	-3.69
42000	83.46	same	-1.47	11.89	0.34	-18.66	-2.06	-3.69
42000	16.54	different	-1.47	11.89	0.34	-18.66	-2.06	-3.69
42200	32.22	xtal-xtal	-1.48	11.89	0.33	-18.66	-2.05	-3.68
42200	51.21	bio-bio	-1.48	11.89	0.33	-18.66	-2.05	-3.68
42200	8.62	xtal-bio	-1.48	11.89	0.33	-18.66	-2.05	-3.68
42200	7.95	bio-xtal	-1.48	11.89	0.33	-18.66	-2.05	-3.68
42200	83.43	same	-1.48	11.89	0.33	-18.66	-2.05	-3.68
42200	16.57	different	-1.48	11.89	0.33	-18.66	-2.05	-3.68
42400	32.07	xtal-xtal	-1.49	11.89	0.32	-18.66	-2.04	-3.68
42400	51.30	bio-bio	-1.49	11.89	0.32	-18.66	-2.04	-3.68
42400	8.58	xtal-bio	-1.49	11.89	0.32	-18.66	-2.04	-3.68
42400	8.05	bio-xtal	-1.49	11.89	0.32	-18.66	-2.04	-3.68
42400	83.37	same	-1.49	11.89	0.32	-18.66	-2.04	-3.68
42400	16.63	different	-1.49	11.89	0.32	-18.66	-2.04	-3.68
42600	31.92	xtal-xtal	-1.50	11.89	0.31	-18.66	-2.03	-3.67
42600	51.40	bio-bio	-1.50	11.89	0.31	-18.66	-2.03	-3.67
42600	8.54	xtal-bio	-1.50	11.89	0.31	-18.66	-2.03	-3.67
42600	8.14	bio-xtal	-1.50	11.89	0.31	-18.66	-2.03	-3.67
42600	83.32	same	-1.50	11.89	0.31	-18.66	-2.03	-3.67
42600	16.68	different	-1.50	11.89	0.31	-18.66	-2.03	-3.67
42800	31.77	xtal-xtal	-1.51	11.89	0.30	-18.66	-2.02	-3.66
42800	51.51	bio-bio	-1.51	11.89	0.30	-18.66	-2.02	-3.66
42800	8.50	xtal-bio	-1.51	11.89	0.30	-18.66	-2.02	-3.66
42800	8.22	bio-xtal	-1.51	11.89	0.30	-18.66	-2.02	-3.66
42800	83.28	same	-1.51	11.89	0.30	-18.66	-2.02	-3.66
42800	16.72	different	-1.51	11.89	0.30	-18.66	-2.02	-3.66
43000	31.62	xtal-xtal	-1.52	11.89	0.29	-18.66	-2.01	-3.65
43000	51.63	bio-bio	-1.52	11.89	0.29	-18.66	-2.01	-3.65
43000	8.46	xtal-bio	-1.52	11.89	0.29	-18.66	-2.01	-3.65
43000	8.29	bio-xtal	-1.52	11.89	0.29	-18.66	-2.01	-3.65
43000	83.25	same	-1.52	11.89	0.29	-18.66	-2.01	-3.65
43000	16.75	different	-1.52	11.89	0.29	-18.66	-2.01	-3.65
43200	31.47	xtal-xtal	-1.53	11.89	0.28	-18.66	-2.00	-3.65
43200	51.73	bio-bio	-1.53	11.89	0.28	-18.66	-2.00	-3.65
43200	8.42	xtal-bio	-1.53	11.89	0.28	-18.66	-2.00	-3.65
43200	8.37	bio-xtal	-1.53	11.89	0.28	-18.66	-2.00	-3.65
43200	83.21	same	-1.53	11.89	0.28	-18.66	-2.00	-3.65
43200	16.79	different	-1.53	11.89	0.28	-18.66	-2.00	-3.65
43400	31.33	xtal-xtal	-1.54	11.89	0.28	-18.66	-1.99	-3.64
43400	51.85	bio-bio	-1.54	11.89	0.28	-18.66	-1.99	-3.64
43400	8.38	xtal-bio	-1.54	11.89	0.28	-18.66	-1.99	-3.64
43400	8.44	bio-xtal	-1.54	11.89	0.28	-18.66	-1.99	-3.64
43400	83.18	same	-1.54	11.89	0.28	-18.66	-1.99	-3.64
43400	16.82	different	-1.54	11.89	0.28	-18.66	-1.99	-3.64
43600	31.18	xtal-xtal	-1.55	11.89	0.27	-18.66	-1.99	-3.63
43600	51.98	bio-bio	-1.55	11.89	0.27	-18.66	-1.99	-3.63
43600	8.34	xtal-bio	-1.55	11.89	0.27	-18.66	-1.99	-3.63
43600	8.49	bio-xtal	-1.55	11.89	0.27	-18.66	-1.99	-3.63
43600	83.16	same	-1.55	11.89	0.27	-18.66	-1.99	-3.63
43600	16.84	different	-1.55	11.89	0.27	-18.66	-1.99	-3.63
43800	31.04	xtal-xtal	-1.56	11.89	0.26	-18.66	-1.98	-3.62
43800	52.10	bio-bio	-1.56	11.89	0.26	-18.66	-1.98	-3.62
43800	8.31	xtal-bio	-1.56	11.89	0.26	-18.66	-1.98	-3.62
43800	8.55	bio-xtal	-1.56	11.89	0.26	-18.66	-1.98	-3.62
43800	83.14	same	-1.56	11.89	0.26	-18.66	-1.98	-3.62
43800	16.86	different	-1.56	11.89	0.26	-18.66	-1.98	-3.62
44000	30.90	xtal-xtal	-1.58	11.89	0.25	-18.66	-1.97	-3.62
44000	52.22	bio-bio	-1.58	11.89	0.25	-18.66	-1.97	-3.62
44000	8.27	xtal-bio	-1.58	11.89	0.25	-18.66	-1.97	-3.62
44000	8.61	bio-xtal	-1.58	11.89	0.25	-18.66	-1.97	-3.62
44000	83.12	same	-1.58	11.89	0.25	-18.66	-1.97	-3.62
44000	16.88	different	-1.58	11.89	0.25	-18.66	-1.97	-3.62
44200	30.76	xtal-xtal	-1.59	11.89	0.24	-18.66	-1.96	-3.61
44200	52.33	bio-bio	-1.59	11.89	0.24	-18.66	-1.96	-3.61
44200	8.23	xtal-bio	-1.59	11.89	0.24	-18.66	-1.96	-3.61
44200	8.68	bio-xtal	-1.59	11.89	0.24	-18.66	-1.96	-3.61
44200	83.09	same	-1.59	11.89	0.24	-18.66	-1.96	-3.61
44200	16.91	different	-1.59	11.89	0.24	-18.66	-1.96	-3.61
44400	30.62	xtal-xtal	-1.60	11.89	0.23	-18.66	-1.95	-3.60
44400	52.46	bio-bio	-1.60	11.89	0.23	-18.66	-1.95	-3.60
44400	8.19	xtal-bio	-1.60	11.89	0.23	-18.66	-1.95	-3.60
44400	8.73	bio-xtal	-1.60	11.89	0.23	-18.66	-1.95	-3.60
44400	83.08	same	-1.60	11.89	0.23	-18.66	-1.95	-3.60
44400	16.92	different	-1.60	11.89	0.23	-18.66	-1.95	-3.60
44600	30.48	xtal-xtal	-1.61	11.89	0.23	-18.66	-1.94	-3.59
44600	52.59	bio-bio	-1.61	11.89	0.23	-18.66	-1.94	-3.59
44600	8.16	xtal-bio	-1.61	11.89	0.23	-18.66	-1.94	-3.59
44600	8.77	bio-xtal	-1.61	11.89	0.23	-18.66	-1.94	-3.59
44600	83.08	same	-1.61	11.89	0.23	-18.66	-1.94	-3.59
44600	16.92	different	-1.61	11.89	0.23	-18.66	-1.94	-3.59
44800	30.35	xtal-xtal	-1.62	11.89	0.22	-18.66	-1.92	-3.59
44800	52.70	bio-bio	-1.62	11.89	0.22	-18.66	-1.92	-3.59
44800	8.12	xtal-bio	-1.62	11.89	0.22	-18.66	-1.92	-3.59
44800	8.83	bio-xtal	-1.62	11.89	0.22	-18.66	-1.92	-3.59
44800	83.05	same	-1.62	11.89	0.22	-18.66	-1.92	-3.59
44800	16.95	different	-1.62	11.89	0.22	-18.66	-1.92	-3.59
45000	30.21	xtal-xtal	-1.63	11.89	0.21	-18.66	-1.92	-3.58
45000	52.82	bio-bio	-1.63	11.89	0.21	-18.66	-1.92	-3.58
45000	8.08	xtal-bio	-1.63	11.89	0.21	-18.66	-1.92	-3.58
45000	8.88	bio-xtal	-1.63	11.89	0.21	-18.66	-1.92	-3.58
45000	83.04	same	-1.63	11.89	0.21	-18.66	-1.92	-3.58
45000	16.96	different	-1.63	11.89	0.21	-18.66	-1.92	-3.58
45200	30.08	xtal-xtal	-1.64	11.89	0.20	-18.66	-1.91	-3.57
45200	52.94	bio-bio	-1.64	11.89	0.20	-18.66	-1.91	-3.57
45200	8.05	xtal-bio	-1.64	11.89	0.20	-18.66	-1.91	-3.57
45200	8.93	bio-xtal	-1.64	11.89	0.20	-18.66	-1.91	-3.57
45200	83.02	same	-1.64	11.89	0.20	-18.66	-1.91	-3.57
45200	16.98	different	-1.64	11.89	0.20	-18.66	-1.91	-3.57
45400	29.95	xtal-xtal	-1.65	11.89	0.19	-18.66	-1.90	-3.56
45400	53.06	bio-bio	-1.65	11.89	0.19	-18.66	-1.90	-3.56
45400	8.01	xtal-bio	-1.65	11.89	0.19	-18.66	-1.90	-3.56
45400	8.98	bio-xtal	-1.65	11.89	0.19	-18.66	-1.90	-3.56
45400	83.00	same	-1.65	11.89	0.19	-18.66	-1.90	-3.56
45400	17.00	different	-1.65	11.89	0.19	-18.66	-1.90	-3.56
45600	29.82	xtal-xtal	-1.66	11.89	0.19	-18.66	-1.89	-3.56
45600	53.17	bio-bio	-1.66	11.89	0.19	-18.66	-1.89	-3.56
45600	7.98	xtal-bio	-1.66	11.89	0.19	-18.66	-1.89	-3.56
45600	9.03	bio-xtal	-1.66	11.89	0.19	-18.66	-1.89	-3.56
45600	82.99	same	-1.66	11.89	0.19	-18.66	-1.89	-3.56
45600	17.01	different	-1.66	11.89	0.19	-18.66	-1.89	-3.56
45800	29.69	xtal-xtal	-1.67	11.89	0.18	-18.66	-1.88	-3.55
45800	53.27	bio-bio	-1.67	11.89	0.18	-18.66	-1.88	-3.55
45800	7.94	xtal-bio	-1.67	11.89	0.18	-18.66	-1.88	-3.55
45800	9.10	bio-xtal	-1.67	11.89	0.18	-18.66	-1.88	-3.55
45800	82.95	same	-1.67	11.89	0.18	-18.66	-1.88	-3.55
45800	17.05	different	-1.67	11.89	0.18	-18.66	-1.88	-3.55
46000	29.56	xtal-xtal	-1.68	11.89	0.17	-18.66	-1.87	-3.54
46000	53.38	bio-bio	-1.68	11.89	0.17	-18.66	-1.87	-3.54
46000	7.91	xtal-bio	-1.68	11.89	0.17	-18.66	-1.87	-3.54
46000	9.16	bio-xtal	-1.68	11.89	0.17	-18.66	-1.87	-3.54
46000	82.93	same	-1.68	11.89	0.17	-18.66	-1.87	-3.54
46000	17.07	different	-1.68	11.89	0.17	-18.66	-1.87	-3.54
46200	29.43	xtal-xtal	-1.69	11.89	0.16	-18.66	-1.86	-3.53
46200	53.47	bio-bio	-1.69	11.89	0.16	-18.66	-1.86	-3.53
46200	7.87	xtal-bio	-1.69	11.89	0.16	-18.66	-1.86	-3.53
46200	9.23	bio-xtal	-1.69	11.89	0.16	-18.66	-1.86	-3.53
46200	82.90	same	-1.69	11.89	0.16	-18.66	-1.86	-3.53
46200	17.10	different	-1.69	11.89	0.16	-18.66	-1.86	-3.53
46400	29.30	xtal-xtal	-1.70	11.89	0.15	-18.66	-1.85	-3.53
46400	53.57	bio-bio	-1.70	11.89	0.15	-18.66	-1.85	-3.53
46400	7.84	xtal-bio	-1.70	11.89	0.15	-18.66	-1.85	-3.53
46400	9.29	bio-xtal	-1.70	11.89	0.15	-18.66	-1.85	-3.53
46400	82.87	same	-1.70	11.89	0.15	-18.66	-1.85	-3.53
46400	17.13	different	-1.70	11.89	0.15	-18.66	-1.85	-3.53
46600	29.18	xtal-xtal	-1.71	11.89	0.15	-18.66	-1.84	-3.52
46600	53.65	bio-bio	-1.71	11.89	0.15	-18.66	-1.84	-3.52
46600	7.81	xtal-bio	-1.71	11.89	0.15	-18.66	-1.84	-3.52
46600	9.37	bio-xtal	-1.71	11.89	0.15	-18.66	-1.84	-3.52
46600	82.82	same	-1.71	11.89	0.15	-18.66	-1.84	-3.52
46600	17.18	different	-1.71	11.89	0.15	-18.66	-1.84	-3.52
46800	29.05	xtal-xtal	-1.72	11.89	0.14	-18.66	-1.83	-3.51
46800	53.74	bio-bio	-1.72	11.89	0.14	-18.66	-1.83	-3.51
46800	7.77	xtal-bio	-1.72	11.89	0.14	-18.66	-1.83	-3.51
46800	9.43	bio-xtal	-1.72	11.89	0.14	-18.66	-1.83	-3.51
46800	82.79	same	-1.72	11.89	0.14	-18.66	-1.83	-3.51
46800	17.21	different	-1.72	11.89	0.14	-18.66	-1.83	-3.51
47000	28.93	xtal-xtal	-1.73	11.89	0.13	-18.66	-1.82	-3.51
47000	53.86	bio-bio	-1.73	11.89	0.13	-18.66	-1.82	-3.51
47000	7.74	xtal-bio	-1.73	11.89	0.13	-18.66	-1.82	-3.51
47000	9.47	bio-xtal	-1.73	11.89	0.13	-18.66	-1.82	-3.51
47000	82.79	same	-1.73	11.89	0.13	-18.66	-1.82	-3.51
47000	17.21	different	-1.73	11.89	0.13	-18.66	-1.82	-3.51
47200	28.81	xtal-xtal	-1.74	11.89	0.12	-18.66	-1.81	-3.50
47200	53.97	bio-bio	-1.74	11.89	0.12	-18.66	-1.81	-3.50
47200	7.71	xtal-bio	-1.74	11.89	0.12	-18.66	-1.81	-3.50
47200	9.52	bio-xtal	-1.74	11.89	0.12	-18.66	-1.81	-3.50
47200	82.77	same	-1.74	11.89	0.12	-18.66	-1.81	-3.50
47200	17.23	different	-1.74	11.89	0.12	-18.66	-1.81	-3.50
47400	28.68	xtal-xtal	-1.75	11.89	0.11	-18.66	-1.80	-3.49
47400	54.03	bio-bio	-1.75	11.89	0.11	-18.66	-1.80	-3.49
47400	7.68	xtal-bio	-1.75	11.89	0.11	-18.66	-1.80	-3.49
47400	9.61	bio-xtal	-1.75	11.89	0.11	-18.66	-1.80	-3.49
47400	82.72	same	-1.75	11.89	0.11	-18.66	-1.80	-3.49
47400	17.28	different	-1.75	11.89	0.11	-18.66	-1.80	-3.49
47600	28.56	xtal-xtal	-1.76	11.89	0.11	-18.66	-1.80	-3.48
47600	54.13	bio-bio	-1.76	11.89	0.11	-18.66	-1.80	-3.48
47600	7.64	xtal-bio	-1.76	11.89	0.11	-18.66	-1.80	-3.48
47600	9.66	bio-xtal	-1.76	11.89	0.11	-18.66	-1.80	-3.48
47600	82.70	same	-1.76	11.89	0.11	-18.66	-1.80	-3.48
47600	17.30	different	-1.76	11.89	0.11	-18.66	-1.80	-3.48
47800	28.44	xtal-xtal	-1.77	11.89	0.10	-18.66	-1.79	-3.48
47800	54.24	bio-bio	-1.77	11.89	0.10	-18.66	-1.79	-3.48
47800	7.61	xtal-bio	-1.77	11.89	0.10	-18.66	-1.79	-3.48
47800	9.70	bio-xtal	-1.77	11.89	0.10	-18.66	-1.79	-3.48
47800	82.69	same	-1.77	11.89	0.10	-18.66	-1.79	-3.48
47800	17.31	different	-1.77	11.89	0.10	-18.66	-1.79	-3.48
