datapoints	percentage	call	xmin	xmax	xmean	bmin	bmax	bmean
200	25.50	xtal-xtal	4.39	11.89	5.27	-18.66	-11.22	-13.68
200	50.00	bio-bio	4.39	11.89	5.27	-18.66	-11.22	-13.68
200	24.50	xtal-bio	4.39	11.89	5.27	-18.66	-11.22	-13.68
200	0.00	bio-xtal	4.39	11.89	5.27	-18.66	-11.22	-13.68
200	75.50	same	4.39	11.89	5.27	-18.66	-11.22	-13.68
200	24.50	different	4.39	11.89	5.27	-18.66	-11.22	-13.68
400	41.00	xtal-xtal	3.66	4.38	3.96	-11.21	-9.91	-10.41
400	49.00	bio-bio	3.66	4.38	3.96	-11.21	-9.91	-10.41
400	9.00	xtal-bio	3.66	4.38	3.96	-11.21	-9.91	-10.41
400	1.00	bio-xtal	3.66	4.38	3.96	-11.21	-9.91	-10.41
400	90.00	same	3.66	4.38	3.96	-11.21	-9.91	-10.41
400	10.00	different	3.66	4.38	3.96	-11.21	-9.91	-10.41
600	39.50	xtal-xtal	3.24	3.66	3.42	-9.91	-9.28	-9.56
600	50.00	bio-bio	3.24	3.66	3.42	-9.91	-9.28	-9.56
600	10.50	xtal-bio	3.24	3.66	3.42	-9.91	-9.28	-9.56
600	0.00	bio-xtal	3.24	3.66	3.42	-9.91	-9.28	-9.56
600	89.50	same	3.24	3.66	3.42	-9.91	-9.28	-9.56
600	10.50	different	3.24	3.66	3.42	-9.91	-9.28	-9.56
800	43.00	xtal-xtal	3.05	3.24	3.14	-9.28	-8.82	-9.06
800	48.50	bio-bio	3.05	3.24	3.14	-9.28	-8.82	-9.06
800	7.00	xtal-bio	3.05	3.24	3.14	-9.28	-8.82	-9.06
800	1.50	bio-xtal	3.05	3.24	3.14	-9.28	-8.82	-9.06
800	91.50	same	3.05	3.24	3.14	-9.28	-8.82	-9.06
800	8.50	different	3.05	3.24	3.14	-9.28	-8.82	-9.06
1000	41.00	xtal-xtal	2.92	3.05	2.98	-8.81	-8.44	-8.62
1000	49.50	bio-bio	2.92	3.05	2.98	-8.81	-8.44	-8.62
1000	9.00	xtal-bio	2.92	3.05	2.98	-8.81	-8.44	-8.62
1000	0.50	bio-xtal	2.92	3.05	2.98	-8.81	-8.44	-8.62
1000	90.50	same	2.92	3.05	2.98	-8.81	-8.44	-8.62
1000	9.50	different	2.92	3.05	2.98	-8.81	-8.44	-8.62
1200	39.50	xtal-xtal	2.81	2.92	2.86	-8.44	-8.16	-8.30
1200	48.50	bio-bio	2.81	2.92	2.86	-8.44	-8.16	-8.30
1200	10.50	xtal-bio	2.81	2.92	2.86	-8.44	-8.16	-8.30
1200	1.50	bio-xtal	2.81	2.92	2.86	-8.44	-8.16	-8.30
1200	88.00	same	2.81	2.92	2.86	-8.44	-8.16	-8.30
1200	12.00	different	2.81	2.92	2.86	-8.44	-8.16	-8.30
1400	45.00	xtal-xtal	2.71	2.81	2.76	-8.16	-7.87	-8.01
1400	48.00	bio-bio	2.71	2.81	2.76	-8.16	-7.87	-8.01
1400	5.00	xtal-bio	2.71	2.81	2.76	-8.16	-7.87	-8.01
1400	2.00	bio-xtal	2.71	2.81	2.76	-8.16	-7.87	-8.01
1400	93.00	same	2.71	2.81	2.76	-8.16	-7.87	-8.01
1400	7.00	different	2.71	2.81	2.76	-8.16	-7.87	-8.01
1600	44.50	xtal-xtal	2.63	2.71	2.67	-7.86	-7.57	-7.71
1600	49.00	bio-bio	2.63	2.71	2.67	-7.86	-7.57	-7.71
1600	5.50	xtal-bio	2.63	2.71	2.67	-7.86	-7.57	-7.71
1600	1.00	bio-xtal	2.63	2.71	2.67	-7.86	-7.57	-7.71
1600	93.50	same	2.63	2.71	2.67	-7.86	-7.57	-7.71
1600	6.50	different	2.63	2.71	2.67	-7.86	-7.57	-7.71
1800	43.50	xtal-xtal	2.56	2.63	2.60	-7.57	-7.31	-7.43
1800	49.00	bio-bio	2.56	2.63	2.60	-7.57	-7.31	-7.43
1800	6.50	xtal-bio	2.56	2.63	2.60	-7.57	-7.31	-7.43
1800	1.00	bio-xtal	2.56	2.63	2.60	-7.57	-7.31	-7.43
1800	92.50	same	2.56	2.63	2.60	-7.57	-7.31	-7.43
1800	7.50	different	2.56	2.63	2.60	-7.57	-7.31	-7.43
2000	40.50	xtal-xtal	2.50	2.56	2.53	-7.31	-7.14	-7.23
2000	49.50	bio-bio	2.50	2.56	2.53	-7.31	-7.14	-7.23
2000	9.50	xtal-bio	2.50	2.56	2.53	-7.31	-7.14	-7.23
2000	0.50	bio-xtal	2.50	2.56	2.53	-7.31	-7.14	-7.23
2000	90.00	same	2.50	2.56	2.53	-7.31	-7.14	-7.23
2000	10.00	different	2.50	2.56	2.53	-7.31	-7.14	-7.23
2200	43.00	xtal-xtal	2.42	2.50	2.46	-7.14	-7.03	-7.08
2200	50.00	bio-bio	2.42	2.50	2.46	-7.14	-7.03	-7.08
2200	7.00	xtal-bio	2.42	2.50	2.46	-7.14	-7.03	-7.08
2200	0.00	bio-xtal	2.42	2.50	2.46	-7.14	-7.03	-7.08
2200	93.00	same	2.42	2.50	2.46	-7.14	-7.03	-7.08
2200	7.00	different	2.42	2.50	2.46	-7.14	-7.03	-7.08
2400	47.00	xtal-xtal	2.37	2.42	2.40	-7.03	-6.91	-6.97
2400	49.50	bio-bio	2.37	2.42	2.40	-7.03	-6.91	-6.97
2400	3.00	xtal-bio	2.37	2.42	2.40	-7.03	-6.91	-6.97
2400	0.50	bio-xtal	2.37	2.42	2.40	-7.03	-6.91	-6.97
2400	96.50	same	2.37	2.42	2.40	-7.03	-6.91	-6.97
2400	3.50	different	2.37	2.42	2.40	-7.03	-6.91	-6.97
2600	44.50	xtal-xtal	2.33	2.37	2.35	-6.91	-6.81	-6.86
2600	49.50	bio-bio	2.33	2.37	2.35	-6.91	-6.81	-6.86
2600	5.50	xtal-bio	2.33	2.37	2.35	-6.91	-6.81	-6.86
2600	0.50	bio-xtal	2.33	2.37	2.35	-6.91	-6.81	-6.86
2600	94.00	same	2.33	2.37	2.35	-6.91	-6.81	-6.86
2600	6.00	different	2.33	2.37	2.35	-6.91	-6.81	-6.86
2800	43.50	xtal-xtal	2.28	2.33	2.30	-6.81	-6.67	-6.74
2800	49.50	bio-bio	2.28	2.33	2.30	-6.81	-6.67	-6.74
2800	6.50	xtal-bio	2.28	2.33	2.30	-6.81	-6.67	-6.74
2800	0.50	bio-xtal	2.28	2.33	2.30	-6.81	-6.67	-6.74
2800	93.00	same	2.28	2.33	2.30	-6.81	-6.67	-6.74
2800	7.00	different	2.28	2.33	2.30	-6.81	-6.67	-6.74
3000	42.50	xtal-xtal	2.22	2.28	2.25	-6.67	-6.53	-6.60
3000	48.50	bio-bio	2.22	2.28	2.25	-6.67	-6.53	-6.60
3000	7.50	xtal-bio	2.22	2.28	2.25	-6.67	-6.53	-6.60
3000	1.50	bio-xtal	2.22	2.28	2.25	-6.67	-6.53	-6.60
3000	91.00	same	2.22	2.28	2.25	-6.67	-6.53	-6.60
3000	9.00	different	2.22	2.28	2.25	-6.67	-6.53	-6.60
3200	43.50	xtal-xtal	2.18	2.22	2.20	-6.52	-6.39	-6.45
3200	48.50	bio-bio	2.18	2.22	2.20	-6.52	-6.39	-6.45
3200	6.50	xtal-bio	2.18	2.22	2.20	-6.52	-6.39	-6.45
3200	1.50	bio-xtal	2.18	2.22	2.20	-6.52	-6.39	-6.45
3200	92.00	same	2.18	2.22	2.20	-6.52	-6.39	-6.45
3200	8.00	different	2.18	2.22	2.20	-6.52	-6.39	-6.45
3400	42.00	xtal-xtal	2.13	2.18	2.15	-6.39	-6.26	-6.33
3400	49.00	bio-bio	2.13	2.18	2.15	-6.39	-6.26	-6.33
3400	8.00	xtal-bio	2.13	2.18	2.15	-6.39	-6.26	-6.33
3400	1.00	bio-xtal	2.13	2.18	2.15	-6.39	-6.26	-6.33
3400	91.00	same	2.13	2.18	2.15	-6.39	-6.26	-6.33
3400	9.00	different	2.13	2.18	2.15	-6.39	-6.26	-6.33
3600	45.00	xtal-xtal	2.10	2.13	2.11	-6.26	-6.14	-6.20
3600	48.50	bio-bio	2.10	2.13	2.11	-6.26	-6.14	-6.20
3600	5.00	xtal-bio	2.10	2.13	2.11	-6.26	-6.14	-6.20
3600	1.50	bio-xtal	2.10	2.13	2.11	-6.26	-6.14	-6.20
3600	93.50	same	2.10	2.13	2.11	-6.26	-6.14	-6.20
3600	6.50	different	2.10	2.13	2.11	-6.26	-6.14	-6.20
3800	41.00	xtal-xtal	2.06	2.10	2.08	-6.14	-6.03	-6.09
3800	48.50	bio-bio	2.06	2.10	2.08	-6.14	-6.03	-6.09
3800	9.00	xtal-bio	2.06	2.10	2.08	-6.14	-6.03	-6.09
3800	1.50	bio-xtal	2.06	2.10	2.08	-6.14	-6.03	-6.09
3800	89.50	same	2.06	2.10	2.08	-6.14	-6.03	-6.09
3800	10.50	different	2.06	2.10	2.08	-6.14	-6.03	-6.09
4000	45.00	xtal-xtal	2.02	2.06	2.04	-6.03	-5.92	-5.97
4000	47.50	bio-bio	2.02	2.06	2.04	-6.03	-5.92	-5.97
4000	5.00	xtal-bio	2.02	2.06	2.04	-6.03	-5.92	-5.97
4000	2.50	bio-xtal	2.02	2.06	2.04	-6.03	-5.92	-5.97
4000	92.50	same	2.02	2.06	2.04	-6.03	-5.92	-5.97
4000	7.50	different	2.02	2.06	2.04	-6.03	-5.92	-5.97
4200	47.00	xtal-xtal	1.98	2.02	2.00	-5.91	-5.82	-5.86
4200	49.00	bio-bio	1.98	2.02	2.00	-5.91	-5.82	-5.86
4200	3.00	xtal-bio	1.98	2.02	2.00	-5.91	-5.82	-5.86
4200	1.00	bio-xtal	1.98	2.02	2.00	-5.91	-5.82	-5.86
4200	96.00	same	1.98	2.02	2.00	-5.91	-5.82	-5.86
4200	4.00	different	1.98	2.02	2.00	-5.91	-5.82	-5.86
4400	44.50	xtal-xtal	1.95	1.98	1.97	-5.82	-5.74	-5.78
4400	48.00	bio-bio	1.95	1.98	1.97	-5.82	-5.74	-5.78
4400	5.50	xtal-bio	1.95	1.98	1.97	-5.82	-5.74	-5.78
4400	2.00	bio-xtal	1.95	1.98	1.97	-5.82	-5.74	-5.78
4400	92.50	same	1.95	1.98	1.97	-5.82	-5.74	-5.78
4400	7.50	different	1.95	1.98	1.97	-5.82	-5.74	-5.78
4600	43.50	xtal-xtal	1.91	1.95	1.93	-5.74	-5.67	-5.70
4600	49.00	bio-bio	1.91	1.95	1.93	-5.74	-5.67	-5.70
4600	6.50	xtal-bio	1.91	1.95	1.93	-5.74	-5.67	-5.70
4600	1.00	bio-xtal	1.91	1.95	1.93	-5.74	-5.67	-5.70
4600	92.50	same	1.91	1.95	1.93	-5.74	-5.67	-5.70
4600	7.50	different	1.91	1.95	1.93	-5.74	-5.67	-5.70
4800	43.00	xtal-xtal	1.87	1.91	1.89	-5.66	-5.59	-5.62
4800	48.00	bio-bio	1.87	1.91	1.89	-5.66	-5.59	-5.62
4800	7.00	xtal-bio	1.87	1.91	1.89	-5.66	-5.59	-5.62
4800	2.00	bio-xtal	1.87	1.91	1.89	-5.66	-5.59	-5.62
4800	91.00	same	1.87	1.91	1.89	-5.66	-5.59	-5.62
4800	9.00	different	1.87	1.91	1.89	-5.66	-5.59	-5.62
5000	44.00	xtal-xtal	1.83	1.87	1.85	-5.59	-5.50	-5.54
5000	46.50	bio-bio	1.83	1.87	1.85	-5.59	-5.50	-5.54
5000	6.00	xtal-bio	1.83	1.87	1.85	-5.59	-5.50	-5.54
5000	3.50	bio-xtal	1.83	1.87	1.85	-5.59	-5.50	-5.54
5000	90.50	same	1.83	1.87	1.85	-5.59	-5.50	-5.54
5000	9.50	different	1.83	1.87	1.85	-5.59	-5.50	-5.54
5200	43.50	xtal-xtal	1.79	1.83	1.80	-5.50	-5.43	-5.46
5200	48.00	bio-bio	1.79	1.83	1.80	-5.50	-5.43	-5.46
5200	6.50	xtal-bio	1.79	1.83	1.80	-5.50	-5.43	-5.46
5200	2.00	bio-xtal	1.79	1.83	1.80	-5.50	-5.43	-5.46
5200	91.50	same	1.79	1.83	1.80	-5.50	-5.43	-5.46
5200	8.50	different	1.79	1.83	1.80	-5.50	-5.43	-5.46
5400	44.50	xtal-xtal	1.76	1.79	1.77	-5.43	-5.36	-5.39
5400	48.00	bio-bio	1.76	1.79	1.77	-5.43	-5.36	-5.39
5400	5.50	xtal-bio	1.76	1.79	1.77	-5.43	-5.36	-5.39
5400	2.00	bio-xtal	1.76	1.79	1.77	-5.43	-5.36	-5.39
5400	92.50	same	1.76	1.79	1.77	-5.43	-5.36	-5.39
5400	7.50	different	1.76	1.79	1.77	-5.43	-5.36	-5.39
5600	45.50	xtal-xtal	1.72	1.75	1.74	-5.36	-5.30	-5.33
5600	48.50	bio-bio	1.72	1.75	1.74	-5.36	-5.30	-5.33
5600	4.50	xtal-bio	1.72	1.75	1.74	-5.36	-5.30	-5.33
5600	1.50	bio-xtal	1.72	1.75	1.74	-5.36	-5.30	-5.33
5600	94.00	same	1.72	1.75	1.74	-5.36	-5.30	-5.33
5600	6.00	different	1.72	1.75	1.74	-5.36	-5.30	-5.33
5800	44.50	xtal-xtal	1.69	1.72	1.70	-5.30	-5.23	-5.26
5800	49.50	bio-bio	1.69	1.72	1.70	-5.30	-5.23	-5.26
5800	5.50	xtal-bio	1.69	1.72	1.70	-5.30	-5.23	-5.26
5800	0.50	bio-xtal	1.69	1.72	1.70	-5.30	-5.23	-5.26
5800	94.00	same	1.69	1.72	1.70	-5.30	-5.23	-5.26
5800	6.00	different	1.69	1.72	1.70	-5.30	-5.23	-5.26
6000	45.50	xtal-xtal	1.65	1.69	1.67	-5.23	-5.16	-5.19
6000	48.50	bio-bio	1.65	1.69	1.67	-5.23	-5.16	-5.19
6000	4.50	xtal-bio	1.65	1.69	1.67	-5.23	-5.16	-5.19
6000	1.50	bio-xtal	1.65	1.69	1.67	-5.23	-5.16	-5.19
6000	94.00	same	1.65	1.69	1.67	-5.23	-5.16	-5.19
6000	6.00	different	1.65	1.69	1.67	-5.23	-5.16	-5.19
6200	43.00	xtal-xtal	1.62	1.65	1.64	-5.16	-5.09	-5.12
6200	46.00	bio-bio	1.62	1.65	1.64	-5.16	-5.09	-5.12
6200	7.00	xtal-bio	1.62	1.65	1.64	-5.16	-5.09	-5.12
6200	4.00	bio-xtal	1.62	1.65	1.64	-5.16	-5.09	-5.12
6200	89.00	same	1.62	1.65	1.64	-5.16	-5.09	-5.12
6200	11.00	different	1.62	1.65	1.64	-5.16	-5.09	-5.12
6400	44.50	xtal-xtal	1.60	1.62	1.61	-5.09	-5.03	-5.06
6400	47.00	bio-bio	1.60	1.62	1.61	-5.09	-5.03	-5.06
6400	5.50	xtal-bio	1.60	1.62	1.61	-5.09	-5.03	-5.06
6400	3.00	bio-xtal	1.60	1.62	1.61	-5.09	-5.03	-5.06
6400	91.50	same	1.60	1.62	1.61	-5.09	-5.03	-5.06
6400	8.50	different	1.60	1.62	1.61	-5.09	-5.03	-5.06
6600	43.50	xtal-xtal	1.56	1.59	1.58	-5.03	-4.98	-5.00
6600	48.50	bio-bio	1.56	1.59	1.58	-5.03	-4.98	-5.00
6600	6.50	xtal-bio	1.56	1.59	1.58	-5.03	-4.98	-5.00
6600	1.50	bio-xtal	1.56	1.59	1.58	-5.03	-4.98	-5.00
6600	92.00	same	1.56	1.59	1.58	-5.03	-4.98	-5.00
6600	8.00	different	1.56	1.59	1.58	-5.03	-4.98	-5.00
6800	45.50	xtal-xtal	1.53	1.56	1.54	-4.98	-4.93	-4.96
6800	47.00	bio-bio	1.53	1.56	1.54	-4.98	-4.93	-4.96
6800	4.50	xtal-bio	1.53	1.56	1.54	-4.98	-4.93	-4.96
6800	3.00	bio-xtal	1.53	1.56	1.54	-4.98	-4.93	-4.96
6800	92.50	same	1.53	1.56	1.54	-4.98	-4.93	-4.96
6800	7.50	different	1.53	1.56	1.54	-4.98	-4.93	-4.96
7000	43.50	xtal-xtal	1.50	1.53	1.51	-4.93	-4.88	-4.91
7000	47.50	bio-bio	1.50	1.53	1.51	-4.93	-4.88	-4.91
7000	6.50	xtal-bio	1.50	1.53	1.51	-4.93	-4.88	-4.91
7000	2.50	bio-xtal	1.50	1.53	1.51	-4.93	-4.88	-4.91
7000	91.00	same	1.50	1.53	1.51	-4.93	-4.88	-4.91
7000	9.00	different	1.50	1.53	1.51	-4.93	-4.88	-4.91
7200	40.50	xtal-xtal	1.47	1.50	1.48	-4.88	-4.83	-4.85
7200	47.00	bio-bio	1.47	1.50	1.48	-4.88	-4.83	-4.85
7200	9.50	xtal-bio	1.47	1.50	1.48	-4.88	-4.83	-4.85
7200	3.00	bio-xtal	1.47	1.50	1.48	-4.88	-4.83	-4.85
7200	87.50	same	1.47	1.50	1.48	-4.88	-4.83	-4.85
7200	12.50	different	1.47	1.50	1.48	-4.88	-4.83	-4.85
7400	46.00	xtal-xtal	1.44	1.47	1.45	-4.83	-4.79	-4.81
7400	47.50	bio-bio	1.44	1.47	1.45	-4.83	-4.79	-4.81
7400	4.00	xtal-bio	1.44	1.47	1.45	-4.83	-4.79	-4.81
7400	2.50	bio-xtal	1.44	1.47	1.45	-4.83	-4.79	-4.81
7400	93.50	same	1.44	1.47	1.45	-4.83	-4.79	-4.81
7400	6.50	different	1.44	1.47	1.45	-4.83	-4.79	-4.81
7600	46.50	xtal-xtal	1.41	1.44	1.43	-4.79	-4.74	-4.76
7600	49.00	bio-bio	1.41	1.44	1.43	-4.79	-4.74	-4.76
7600	3.50	xtal-bio	1.41	1.44	1.43	-4.79	-4.74	-4.76
7600	1.00	bio-xtal	1.41	1.44	1.43	-4.79	-4.74	-4.76
7600	95.50	same	1.41	1.44	1.43	-4.79	-4.74	-4.76
7600	4.50	different	1.41	1.44	1.43	-4.79	-4.74	-4.76
7800	46.00	xtal-xtal	1.39	1.41	1.40	-4.74	-4.70	-4.72
7800	47.50	bio-bio	1.39	1.41	1.40	-4.74	-4.70	-4.72
7800	4.00	xtal-bio	1.39	1.41	1.40	-4.74	-4.70	-4.72
7800	2.50	bio-xtal	1.39	1.41	1.40	-4.74	-4.70	-4.72
7800	93.50	same	1.39	1.41	1.40	-4.74	-4.70	-4.72
7800	6.50	different	1.39	1.41	1.40	-4.74	-4.70	-4.72
8000	48.50	xtal-xtal	1.37	1.38	1.37	-4.70	-4.65	-4.68
8000	48.00	bio-bio	1.37	1.38	1.37	-4.70	-4.65	-4.68
8000	1.50	xtal-bio	1.37	1.38	1.37	-4.70	-4.65	-4.68
8000	2.00	bio-xtal	1.37	1.38	1.37	-4.70	-4.65	-4.68
8000	96.50	same	1.37	1.38	1.37	-4.70	-4.65	-4.68
8000	3.50	different	1.37	1.38	1.37	-4.70	-4.65	-4.68
8200	47.50	xtal-xtal	1.34	1.37	1.35	-4.65	-4.61	-4.62
8200	49.50	bio-bio	1.34	1.37	1.35	-4.65	-4.61	-4.62
8200	2.50	xtal-bio	1.34	1.37	1.35	-4.65	-4.61	-4.62
8200	0.50	bio-xtal	1.34	1.37	1.35	-4.65	-4.61	-4.62
8200	97.00	same	1.34	1.37	1.35	-4.65	-4.61	-4.62
8200	3.00	different	1.34	1.37	1.35	-4.65	-4.61	-4.62
8400	44.50	xtal-xtal	1.32	1.34	1.33	-4.61	-4.56	-4.58
8400	48.50	bio-bio	1.32	1.34	1.33	-4.61	-4.56	-4.58
8400	5.50	xtal-bio	1.32	1.34	1.33	-4.61	-4.56	-4.58
8400	1.50	bio-xtal	1.32	1.34	1.33	-4.61	-4.56	-4.58
8400	93.00	same	1.32	1.34	1.33	-4.61	-4.56	-4.58
8400	7.00	different	1.32	1.34	1.33	-4.61	-4.56	-4.58
8600	45.50	xtal-xtal	1.30	1.32	1.31	-4.56	-4.52	-4.54
8600	48.50	bio-bio	1.30	1.32	1.31	-4.56	-4.52	-4.54
8600	4.50	xtal-bio	1.30	1.32	1.31	-4.56	-4.52	-4.54
8600	1.50	bio-xtal	1.30	1.32	1.31	-4.56	-4.52	-4.54
8600	94.00	same	1.30	1.32	1.31	-4.56	-4.52	-4.54
8600	6.00	different	1.30	1.32	1.31	-4.56	-4.52	-4.54
8800	46.00	xtal-xtal	1.28	1.30	1.29	-4.52	-4.48	-4.50
8800	48.00	bio-bio	1.28	1.30	1.29	-4.52	-4.48	-4.50
8800	4.00	xtal-bio	1.28	1.30	1.29	-4.52	-4.48	-4.50
8800	2.00	bio-xtal	1.28	1.30	1.29	-4.52	-4.48	-4.50
8800	94.00	same	1.28	1.30	1.29	-4.52	-4.48	-4.50
8800	6.00	different	1.28	1.30	1.29	-4.52	-4.48	-4.50
9000	46.50	xtal-xtal	1.26	1.28	1.27	-4.48	-4.45	-4.47
9000	48.50	bio-bio	1.26	1.28	1.27	-4.48	-4.45	-4.47
9000	3.50	xtal-bio	1.26	1.28	1.27	-4.48	-4.45	-4.47
9000	1.50	bio-xtal	1.26	1.28	1.27	-4.48	-4.45	-4.47
9000	95.00	same	1.26	1.28	1.27	-4.48	-4.45	-4.47
9000	5.00	different	1.26	1.28	1.27	-4.48	-4.45	-4.47
9200	45.50	xtal-xtal	1.24	1.26	1.25	-4.44	-4.42	-4.43
9200	48.50	bio-bio	1.24	1.26	1.25	-4.44	-4.42	-4.43
9200	4.50	xtal-bio	1.24	1.26	1.25	-4.44	-4.42	-4.43
9200	1.50	bio-xtal	1.24	1.26	1.25	-4.44	-4.42	-4.43
9200	94.00	same	1.24	1.26	1.25	-4.44	-4.42	-4.43
9200	6.00	different	1.24	1.26	1.25	-4.44	-4.42	-4.43
9400	44.00	xtal-xtal	1.21	1.24	1.23	-4.41	-4.38	-4.40
9400	49.50	bio-bio	1.21	1.24	1.23	-4.41	-4.38	-4.40
9400	6.00	xtal-bio	1.21	1.24	1.23	-4.41	-4.38	-4.40
9400	0.50	bio-xtal	1.21	1.24	1.23	-4.41	-4.38	-4.40
9400	93.50	same	1.21	1.24	1.23	-4.41	-4.38	-4.40
9400	6.50	different	1.21	1.24	1.23	-4.41	-4.38	-4.40
9600	46.50	xtal-xtal	1.20	1.21	1.21	-4.38	-4.34	-4.36
9600	48.50	bio-bio	1.20	1.21	1.21	-4.38	-4.34	-4.36
9600	3.50	xtal-bio	1.20	1.21	1.21	-4.38	-4.34	-4.36
9600	1.50	bio-xtal	1.20	1.21	1.21	-4.38	-4.34	-4.36
9600	95.00	same	1.20	1.21	1.21	-4.38	-4.34	-4.36
9600	5.00	different	1.20	1.21	1.21	-4.38	-4.34	-4.36
9800	47.00	xtal-xtal	1.17	1.20	1.19	-4.34	-4.31	-4.33
9800	47.00	bio-bio	1.17	1.20	1.19	-4.34	-4.31	-4.33
9800	3.00	xtal-bio	1.17	1.20	1.19	-4.34	-4.31	-4.33
9800	3.00	bio-xtal	1.17	1.20	1.19	-4.34	-4.31	-4.33
9800	94.00	same	1.17	1.20	1.19	-4.34	-4.31	-4.33
9800	6.00	different	1.17	1.20	1.19	-4.34	-4.31	-4.33
10000	47.00	xtal-xtal	1.15	1.17	1.16	-4.31	-4.28	-4.30
10000	48.00	bio-bio	1.15	1.17	1.16	-4.31	-4.28	-4.30
10000	3.00	xtal-bio	1.15	1.17	1.16	-4.31	-4.28	-4.30
10000	2.00	bio-xtal	1.15	1.17	1.16	-4.31	-4.28	-4.30
10000	95.00	same	1.15	1.17	1.16	-4.31	-4.28	-4.30
10000	5.00	different	1.15	1.17	1.16	-4.31	-4.28	-4.30
10200	45.50	xtal-xtal	1.13	1.15	1.14	-4.28	-4.24	-4.26
10200	49.50	bio-bio	1.13	1.15	1.14	-4.28	-4.24	-4.26
10200	4.50	xtal-bio	1.13	1.15	1.14	-4.28	-4.24	-4.26
10200	0.50	bio-xtal	1.13	1.15	1.14	-4.28	-4.24	-4.26
10200	95.00	same	1.13	1.15	1.14	-4.28	-4.24	-4.26
10200	5.00	different	1.13	1.15	1.14	-4.28	-4.24	-4.26
10400	45.00	xtal-xtal	1.12	1.13	1.13	-4.24	-4.21	-4.23
10400	47.00	bio-bio	1.12	1.13	1.13	-4.24	-4.21	-4.23
10400	5.00	xtal-bio	1.12	1.13	1.13	-4.24	-4.21	-4.23
10400	3.00	bio-xtal	1.12	1.13	1.13	-4.24	-4.21	-4.23
10400	92.00	same	1.12	1.13	1.13	-4.24	-4.21	-4.23
10400	8.00	different	1.12	1.13	1.13	-4.24	-4.21	-4.23
10600	45.00	xtal-xtal	1.10	1.12	1.11	-4.21	-4.18	-4.20
10600	49.00	bio-bio	1.10	1.12	1.11	-4.21	-4.18	-4.20
10600	5.00	xtal-bio	1.10	1.12	1.11	-4.21	-4.18	-4.20
10600	1.00	bio-xtal	1.10	1.12	1.11	-4.21	-4.18	-4.20
10600	94.00	same	1.10	1.12	1.11	-4.21	-4.18	-4.20
10600	6.00	different	1.10	1.12	1.11	-4.21	-4.18	-4.20
10800	43.50	xtal-xtal	1.08	1.10	1.09	-4.18	-4.16	-4.17
10800	48.00	bio-bio	1.08	1.10	1.09	-4.18	-4.16	-4.17
10800	6.50	xtal-bio	1.08	1.10	1.09	-4.18	-4.16	-4.17
10800	2.00	bio-xtal	1.08	1.10	1.09	-4.18	-4.16	-4.17
10800	91.50	same	1.08	1.10	1.09	-4.18	-4.16	-4.17
10800	8.50	different	1.08	1.10	1.09	-4.18	-4.16	-4.17
11000	45.00	xtal-xtal	1.06	1.08	1.07	-4.16	-4.13	-4.14
11000	48.00	bio-bio	1.06	1.08	1.07	-4.16	-4.13	-4.14
11000	5.00	xtal-bio	1.06	1.08	1.07	-4.16	-4.13	-4.14
11000	2.00	bio-xtal	1.06	1.08	1.07	-4.16	-4.13	-4.14
11000	93.00	same	1.06	1.08	1.07	-4.16	-4.13	-4.14
11000	7.00	different	1.06	1.08	1.07	-4.16	-4.13	-4.14
11200	44.00	xtal-xtal	1.04	1.06	1.05	-4.13	-4.10	-4.11
11200	47.50	bio-bio	1.04	1.06	1.05	-4.13	-4.10	-4.11
11200	6.00	xtal-bio	1.04	1.06	1.05	-4.13	-4.10	-4.11
11200	2.50	bio-xtal	1.04	1.06	1.05	-4.13	-4.10	-4.11
11200	91.50	same	1.04	1.06	1.05	-4.13	-4.10	-4.11
11200	8.50	different	1.04	1.06	1.05	-4.13	-4.10	-4.11
11400	43.00	xtal-xtal	1.03	1.04	1.03	-4.10	-4.07	-4.09
11400	46.00	bio-bio	1.03	1.04	1.03	-4.10	-4.07	-4.09
11400	7.00	xtal-bio	1.03	1.04	1.03	-4.10	-4.07	-4.09
11400	4.00	bio-xtal	1.03	1.04	1.03	-4.10	-4.07	-4.09
11400	89.00	same	1.03	1.04	1.03	-4.10	-4.07	-4.09
11400	11.00	different	1.03	1.04	1.03	-4.10	-4.07	-4.09
11600	43.00	xtal-xtal	1.01	1.03	1.02	-4.07	-4.04	-4.06
11600	47.50	bio-bio	1.01	1.03	1.02	-4.07	-4.04	-4.06
11600	7.00	xtal-bio	1.01	1.03	1.02	-4.07	-4.04	-4.06
11600	2.50	bio-xtal	1.01	1.03	1.02	-4.07	-4.04	-4.06
11600	90.50	same	1.01	1.03	1.02	-4.07	-4.04	-4.06
11600	9.50	different	1.01	1.03	1.02	-4.07	-4.04	-4.06
11800	45.00	xtal-xtal	0.99	1.01	1.00	-4.04	-4.02	-4.03
11800	48.00	bio-bio	0.99	1.01	1.00	-4.04	-4.02	-4.03
11800	5.00	xtal-bio	0.99	1.01	1.00	-4.04	-4.02	-4.03
11800	2.00	bio-xtal	0.99	1.01	1.00	-4.04	-4.02	-4.03
11800	93.00	same	0.99	1.01	1.00	-4.04	-4.02	-4.03
11800	7.00	different	0.99	1.01	1.00	-4.04	-4.02	-4.03
12000	43.50	xtal-xtal	0.97	0.99	0.98	-4.02	-3.99	-4.00
12000	48.00	bio-bio	0.97	0.99	0.98	-4.02	-3.99	-4.00
12000	6.50	xtal-bio	0.97	0.99	0.98	-4.02	-3.99	-4.00
12000	2.00	bio-xtal	0.97	0.99	0.98	-4.02	-3.99	-4.00
12000	91.50	same	0.97	0.99	0.98	-4.02	-3.99	-4.00
12000	8.50	different	0.97	0.99	0.98	-4.02	-3.99	-4.00
12200	46.00	xtal-xtal	0.95	0.97	0.96	-3.99	-3.97	-3.98
12200	48.50	bio-bio	0.95	0.97	0.96	-3.99	-3.97	-3.98
12200	4.00	xtal-bio	0.95	0.97	0.96	-3.99	-3.97	-3.98
12200	1.50	bio-xtal	0.95	0.97	0.96	-3.99	-3.97	-3.98
12200	94.50	same	0.95	0.97	0.96	-3.99	-3.97	-3.98
12200	5.50	different	0.95	0.97	0.96	-3.99	-3.97	-3.98
12400	43.50	xtal-xtal	0.93	0.95	0.94	-3.97	-3.94	-3.95
12400	48.00	bio-bio	0.93	0.95	0.94	-3.97	-3.94	-3.95
12400	6.50	xtal-bio	0.93	0.95	0.94	-3.97	-3.94	-3.95
12400	2.00	bio-xtal	0.93	0.95	0.94	-3.97	-3.94	-3.95
12400	91.50	same	0.93	0.95	0.94	-3.97	-3.94	-3.95
12400	8.50	different	0.93	0.95	0.94	-3.97	-3.94	-3.95
12600	42.00	xtal-xtal	0.92	0.93	0.93	-3.94	-3.92	-3.93
12600	47.50	bio-bio	0.92	0.93	0.93	-3.94	-3.92	-3.93
12600	8.00	xtal-bio	0.92	0.93	0.93	-3.94	-3.92	-3.93
12600	2.50	bio-xtal	0.92	0.93	0.93	-3.94	-3.92	-3.93
12600	89.50	same	0.92	0.93	0.93	-3.94	-3.92	-3.93
12600	10.50	different	0.92	0.93	0.93	-3.94	-3.92	-3.93
12800	41.50	xtal-xtal	0.90	0.92	0.91	-3.92	-3.89	-3.91
12800	47.50	bio-bio	0.90	0.92	0.91	-3.92	-3.89	-3.91
12800	8.50	xtal-bio	0.90	0.92	0.91	-3.92	-3.89	-3.91
12800	2.50	bio-xtal	0.90	0.92	0.91	-3.92	-3.89	-3.91
12800	89.00	same	0.90	0.92	0.91	-3.92	-3.89	-3.91
12800	11.00	different	0.90	0.92	0.91	-3.92	-3.89	-3.91
13000	44.00	xtal-xtal	0.88	0.90	0.89	-3.89	-3.87	-3.88
13000	47.50	bio-bio	0.88	0.90	0.89	-3.89	-3.87	-3.88
13000	6.00	xtal-bio	0.88	0.90	0.89	-3.89	-3.87	-3.88
13000	2.50	bio-xtal	0.88	0.90	0.89	-3.89	-3.87	-3.88
13000	91.50	same	0.88	0.90	0.89	-3.89	-3.87	-3.88
13000	8.50	different	0.88	0.90	0.89	-3.89	-3.87	-3.88
13200	43.00	xtal-xtal	0.87	0.88	0.87	-3.87	-3.85	-3.86
13200	48.00	bio-bio	0.87	0.88	0.87	-3.87	-3.85	-3.86
13200	7.00	xtal-bio	0.87	0.88	0.87	-3.87	-3.85	-3.86
13200	2.00	bio-xtal	0.87	0.88	0.87	-3.87	-3.85	-3.86
13200	91.00	same	0.87	0.88	0.87	-3.87	-3.85	-3.86
13200	9.00	different	0.87	0.88	0.87	-3.87	-3.85	-3.86
13400	42.50	xtal-xtal	0.85	0.87	0.86	-3.84	-3.82	-3.83
13400	48.50	bio-bio	0.85	0.87	0.86	-3.84	-3.82	-3.83
13400	7.50	xtal-bio	0.85	0.87	0.86	-3.84	-3.82	-3.83
13400	1.50	bio-xtal	0.85	0.87	0.86	-3.84	-3.82	-3.83
13400	91.00	same	0.85	0.87	0.86	-3.84	-3.82	-3.83
13400	9.00	different	0.85	0.87	0.86	-3.84	-3.82	-3.83
13600	42.50	xtal-xtal	0.83	0.85	0.84	-3.82	-3.80	-3.81
13600	48.00	bio-bio	0.83	0.85	0.84	-3.82	-3.80	-3.81
13600	7.50	xtal-bio	0.83	0.85	0.84	-3.82	-3.80	-3.81
13600	2.00	bio-xtal	0.83	0.85	0.84	-3.82	-3.80	-3.81
13600	90.50	same	0.83	0.85	0.84	-3.82	-3.80	-3.81
13600	9.50	different	0.83	0.85	0.84	-3.82	-3.80	-3.81
13800	44.00	xtal-xtal	0.81	0.83	0.82	-3.80	-3.78	-3.79
13800	48.50	bio-bio	0.81	0.83	0.82	-3.80	-3.78	-3.79
13800	6.00	xtal-bio	0.81	0.83	0.82	-3.80	-3.78	-3.79
13800	1.50	bio-xtal	0.81	0.83	0.82	-3.80	-3.78	-3.79
13800	92.50	same	0.81	0.83	0.82	-3.80	-3.78	-3.79
13800	7.50	different	0.81	0.83	0.82	-3.80	-3.78	-3.79
14000	45.00	xtal-xtal	0.79	0.81	0.80	-3.78	-3.76	-3.77
14000	46.50	bio-bio	0.79	0.81	0.80	-3.78	-3.76	-3.77
14000	5.00	xtal-bio	0.79	0.81	0.80	-3.78	-3.76	-3.77
14000	3.50	bio-xtal	0.79	0.81	0.80	-3.78	-3.76	-3.77
14000	91.50	same	0.79	0.81	0.80	-3.78	-3.76	-3.77
14000	8.50	different	0.79	0.81	0.80	-3.78	-3.76	-3.77
14200	47.50	xtal-xtal	0.78	0.79	0.79	-3.76	-3.74	-3.75
14200	44.00	bio-bio	0.78	0.79	0.79	-3.76	-3.74	-3.75
14200	2.50	xtal-bio	0.78	0.79	0.79	-3.76	-3.74	-3.75
14200	6.00	bio-xtal	0.78	0.79	0.79	-3.76	-3.74	-3.75
14200	91.50	same	0.78	0.79	0.79	-3.76	-3.74	-3.75
14200	8.50	different	0.78	0.79	0.79	-3.76	-3.74	-3.75
14400	43.00	xtal-xtal	0.76	0.78	0.77	-3.74	-3.73	-3.74
14400	46.50	bio-bio	0.76	0.78	0.77	-3.74	-3.73	-3.74
14400	7.00	xtal-bio	0.76	0.78	0.77	-3.74	-3.73	-3.74
14400	3.50	bio-xtal	0.76	0.78	0.77	-3.74	-3.73	-3.74
14400	89.50	same	0.76	0.78	0.77	-3.74	-3.73	-3.74
14400	10.50	different	0.76	0.78	0.77	-3.74	-3.73	-3.74
14600	44.00	xtal-xtal	0.74	0.76	0.75	-3.73	-3.71	-3.72
14600	48.00	bio-bio	0.74	0.76	0.75	-3.73	-3.71	-3.72
14600	6.00	xtal-bio	0.74	0.76	0.75	-3.73	-3.71	-3.72
14600	2.00	bio-xtal	0.74	0.76	0.75	-3.73	-3.71	-3.72
14600	92.00	same	0.74	0.76	0.75	-3.73	-3.71	-3.72
14600	8.00	different	0.74	0.76	0.75	-3.73	-3.71	-3.72
14800	45.00	xtal-xtal	0.72	0.74	0.73	-3.71	-3.69	-3.70
14800	48.50	bio-bio	0.72	0.74	0.73	-3.71	-3.69	-3.70
14800	5.00	xtal-bio	0.72	0.74	0.73	-3.71	-3.69	-3.70
14800	1.50	bio-xtal	0.72	0.74	0.73	-3.71	-3.69	-3.70
14800	93.50	same	0.72	0.74	0.73	-3.71	-3.69	-3.70
14800	6.50	different	0.72	0.74	0.73	-3.71	-3.69	-3.70
15000	41.50	xtal-xtal	0.71	0.72	0.71	-3.69	-3.67	-3.68
15000	47.00	bio-bio	0.71	0.72	0.71	-3.69	-3.67	-3.68
15000	8.50	xtal-bio	0.71	0.72	0.71	-3.69	-3.67	-3.68
15000	3.00	bio-xtal	0.71	0.72	0.71	-3.69	-3.67	-3.68
15000	88.50	same	0.71	0.72	0.71	-3.69	-3.67	-3.68
15000	11.50	different	0.71	0.72	0.71	-3.69	-3.67	-3.68
15200	44.00	xtal-xtal	0.69	0.71	0.70	-3.67	-3.65	-3.66
15200	46.00	bio-bio	0.69	0.71	0.70	-3.67	-3.65	-3.66
15200	6.00	xtal-bio	0.69	0.71	0.70	-3.67	-3.65	-3.66
15200	4.00	bio-xtal	0.69	0.71	0.70	-3.67	-3.65	-3.66
15200	90.00	same	0.69	0.71	0.70	-3.67	-3.65	-3.66
15200	10.00	different	0.69	0.71	0.70	-3.67	-3.65	-3.66
15400	43.50	xtal-xtal	0.67	0.69	0.68	-3.65	-3.63	-3.64
15400	48.00	bio-bio	0.67	0.69	0.68	-3.65	-3.63	-3.64
15400	6.50	xtal-bio	0.67	0.69	0.68	-3.65	-3.63	-3.64
15400	2.00	bio-xtal	0.67	0.69	0.68	-3.65	-3.63	-3.64
15400	91.50	same	0.67	0.69	0.68	-3.65	-3.63	-3.64
15400	8.50	different	0.67	0.69	0.68	-3.65	-3.63	-3.64
15600	42.50	xtal-xtal	0.66	0.67	0.66	-3.63	-3.61	-3.62
15600	49.50	bio-bio	0.66	0.67	0.66	-3.63	-3.61	-3.62
15600	7.50	xtal-bio	0.66	0.67	0.66	-3.63	-3.61	-3.62
15600	0.50	bio-xtal	0.66	0.67	0.66	-3.63	-3.61	-3.62
15600	92.00	same	0.66	0.67	0.66	-3.63	-3.61	-3.62
15600	8.00	different	0.66	0.67	0.66	-3.63	-3.61	-3.62
15800	40.00	xtal-xtal	0.64	0.66	0.65	-3.61	-3.59	-3.60
15800	48.00	bio-bio	0.64	0.66	0.65	-3.61	-3.59	-3.60
15800	10.00	xtal-bio	0.64	0.66	0.65	-3.61	-3.59	-3.60
15800	2.00	bio-xtal	0.64	0.66	0.65	-3.61	-3.59	-3.60
15800	88.00	same	0.64	0.66	0.65	-3.61	-3.59	-3.60
15800	12.00	different	0.64	0.66	0.65	-3.61	-3.59	-3.60
16000	42.50	xtal-xtal	0.63	0.64	0.64	-3.59	-3.57	-3.58
16000	46.00	bio-bio	0.63	0.64	0.64	-3.59	-3.57	-3.58
16000	7.50	xtal-bio	0.63	0.64	0.64	-3.59	-3.57	-3.58
16000	4.00	bio-xtal	0.63	0.64	0.64	-3.59	-3.57	-3.58
16000	88.50	same	0.63	0.64	0.64	-3.59	-3.57	-3.58
16000	11.50	different	0.63	0.64	0.64	-3.59	-3.57	-3.58
16200	43.50	xtal-xtal	0.61	0.63	0.62	-3.57	-3.56	-3.57
16200	48.50	bio-bio	0.61	0.63	0.62	-3.57	-3.56	-3.57
16200	6.50	xtal-bio	0.61	0.63	0.62	-3.57	-3.56	-3.57
16200	1.50	bio-xtal	0.61	0.63	0.62	-3.57	-3.56	-3.57
16200	92.00	same	0.61	0.63	0.62	-3.57	-3.56	-3.57
16200	8.00	different	0.61	0.63	0.62	-3.57	-3.56	-3.57
16400	43.00	xtal-xtal	0.60	0.61	0.60	-3.56	-3.54	-3.55
16400	47.50	bio-bio	0.60	0.61	0.60	-3.56	-3.54	-3.55
16400	7.00	xtal-bio	0.60	0.61	0.60	-3.56	-3.54	-3.55
16400	2.50	bio-xtal	0.60	0.61	0.60	-3.56	-3.54	-3.55
16400	90.50	same	0.60	0.61	0.60	-3.56	-3.54	-3.55
16400	9.50	different	0.60	0.61	0.60	-3.56	-3.54	-3.55
16600	40.00	xtal-xtal	0.58	0.59	0.59	-3.54	-3.52	-3.53
16600	46.00	bio-bio	0.58	0.59	0.59	-3.54	-3.52	-3.53
16600	10.00	xtal-bio	0.58	0.59	0.59	-3.54	-3.52	-3.53
16600	4.00	bio-xtal	0.58	0.59	0.59	-3.54	-3.52	-3.53
16600	86.00	same	0.58	0.59	0.59	-3.54	-3.52	-3.53
16600	14.00	different	0.58	0.59	0.59	-3.54	-3.52	-3.53
16800	41.50	xtal-xtal	0.57	0.58	0.57	-3.52	-3.51	-3.51
16800	47.00	bio-bio	0.57	0.58	0.57	-3.52	-3.51	-3.51
16800	8.50	xtal-bio	0.57	0.58	0.57	-3.52	-3.51	-3.51
16800	3.00	bio-xtal	0.57	0.58	0.57	-3.52	-3.51	-3.51
16800	88.50	same	0.57	0.58	0.57	-3.52	-3.51	-3.51
16800	11.50	different	0.57	0.58	0.57	-3.52	-3.51	-3.51
17000	44.50	xtal-xtal	0.55	0.57	0.56	-3.51	-3.49	-3.50
17000	48.00	bio-bio	0.55	0.57	0.56	-3.51	-3.49	-3.50
17000	5.50	xtal-bio	0.55	0.57	0.56	-3.51	-3.49	-3.50
17000	2.00	bio-xtal	0.55	0.57	0.56	-3.51	-3.49	-3.50
17000	92.50	same	0.55	0.57	0.56	-3.51	-3.49	-3.50
17000	7.50	different	0.55	0.57	0.56	-3.51	-3.49	-3.50
17200	42.50	xtal-xtal	0.54	0.55	0.54	-3.49	-3.47	-3.48
17200	49.00	bio-bio	0.54	0.55	0.54	-3.49	-3.47	-3.48
17200	7.50	xtal-bio	0.54	0.55	0.54	-3.49	-3.47	-3.48
17200	1.00	bio-xtal	0.54	0.55	0.54	-3.49	-3.47	-3.48
17200	91.50	same	0.54	0.55	0.54	-3.49	-3.47	-3.48
17200	8.50	different	0.54	0.55	0.54	-3.49	-3.47	-3.48
17400	45.00	xtal-xtal	0.52	0.53	0.53	-3.47	-3.46	-3.47
17400	48.00	bio-bio	0.52	0.53	0.53	-3.47	-3.46	-3.47
17400	5.00	xtal-bio	0.52	0.53	0.53	-3.47	-3.46	-3.47
17400	2.00	bio-xtal	0.52	0.53	0.53	-3.47	-3.46	-3.47
17400	93.00	same	0.52	0.53	0.53	-3.47	-3.46	-3.47
17400	7.00	different	0.52	0.53	0.53	-3.47	-3.46	-3.47
17600	41.50	xtal-xtal	0.51	0.52	0.51	-3.46	-3.44	-3.45
17600	46.00	bio-bio	0.51	0.52	0.51	-3.46	-3.44	-3.45
17600	8.50	xtal-bio	0.51	0.52	0.51	-3.46	-3.44	-3.45
17600	4.00	bio-xtal	0.51	0.52	0.51	-3.46	-3.44	-3.45
17600	87.50	same	0.51	0.52	0.51	-3.46	-3.44	-3.45
17600	12.50	different	0.51	0.52	0.51	-3.46	-3.44	-3.45
17800	41.00	xtal-xtal	0.49	0.51	0.50	-3.44	-3.43	-3.44
17800	47.00	bio-bio	0.49	0.51	0.50	-3.44	-3.43	-3.44
17800	9.00	xtal-bio	0.49	0.51	0.50	-3.44	-3.43	-3.44
17800	3.00	bio-xtal	0.49	0.51	0.50	-3.44	-3.43	-3.44
17800	88.00	same	0.49	0.51	0.50	-3.44	-3.43	-3.44
17800	12.00	different	0.49	0.51	0.50	-3.44	-3.43	-3.44
18000	40.50	xtal-xtal	0.48	0.49	0.48	-3.43	-3.41	-3.42
18000	48.00	bio-bio	0.48	0.49	0.48	-3.43	-3.41	-3.42
18000	9.50	xtal-bio	0.48	0.49	0.48	-3.43	-3.41	-3.42
18000	2.00	bio-xtal	0.48	0.49	0.48	-3.43	-3.41	-3.42
18000	88.50	same	0.48	0.49	0.48	-3.43	-3.41	-3.42
18000	11.50	different	0.48	0.49	0.48	-3.43	-3.41	-3.42
18200	41.50	xtal-xtal	0.46	0.48	0.47	-3.41	-3.40	-3.40
18200	46.50	bio-bio	0.46	0.48	0.47	-3.41	-3.40	-3.40
18200	8.50	xtal-bio	0.46	0.48	0.47	-3.41	-3.40	-3.40
18200	3.50	bio-xtal	0.46	0.48	0.47	-3.41	-3.40	-3.40
18200	88.00	same	0.46	0.48	0.47	-3.41	-3.40	-3.40
18200	12.00	different	0.46	0.48	0.47	-3.41	-3.40	-3.40
18400	41.50	xtal-xtal	0.45	0.46	0.45	-3.40	-3.38	-3.39
18400	48.00	bio-bio	0.45	0.46	0.45	-3.40	-3.38	-3.39
18400	8.50	xtal-bio	0.45	0.46	0.45	-3.40	-3.38	-3.39
18400	2.00	bio-xtal	0.45	0.46	0.45	-3.40	-3.38	-3.39
18400	89.50	same	0.45	0.46	0.45	-3.40	-3.38	-3.39
18400	10.50	different	0.45	0.46	0.45	-3.40	-3.38	-3.39
18600	39.00	xtal-xtal	0.43	0.45	0.44	-3.38	-3.36	-3.37
18600	47.00	bio-bio	0.43	0.45	0.44	-3.38	-3.36	-3.37
18600	11.00	xtal-bio	0.43	0.45	0.44	-3.38	-3.36	-3.37
18600	3.00	bio-xtal	0.43	0.45	0.44	-3.38	-3.36	-3.37
18600	86.00	same	0.43	0.45	0.44	-3.38	-3.36	-3.37
18600	14.00	different	0.43	0.45	0.44	-3.38	-3.36	-3.37
18800	41.00	xtal-xtal	0.41	0.43	0.42	-3.36	-3.35	-3.36
18800	46.50	bio-bio	0.41	0.43	0.42	-3.36	-3.35	-3.36
18800	9.00	xtal-bio	0.41	0.43	0.42	-3.36	-3.35	-3.36
18800	3.50	bio-xtal	0.41	0.43	0.42	-3.36	-3.35	-3.36
18800	87.50	same	0.41	0.43	0.42	-3.36	-3.35	-3.36
18800	12.50	different	0.41	0.43	0.42	-3.36	-3.35	-3.36
19000	41.00	xtal-xtal	0.40	0.41	0.40	-3.35	-3.33	-3.34
19000	46.00	bio-bio	0.40	0.41	0.40	-3.35	-3.33	-3.34
19000	9.00	xtal-bio	0.40	0.41	0.40	-3.35	-3.33	-3.34
19000	4.00	bio-xtal	0.40	0.41	0.40	-3.35	-3.33	-3.34
19000	87.00	same	0.40	0.41	0.40	-3.35	-3.33	-3.34
19000	13.00	different	0.40	0.41	0.40	-3.35	-3.33	-3.34
19200	41.50	xtal-xtal	0.38	0.40	0.39	-3.33	-3.31	-3.32
19200	47.00	bio-bio	0.38	0.40	0.39	-3.33	-3.31	-3.32
19200	8.50	xtal-bio	0.38	0.40	0.39	-3.33	-3.31	-3.32
19200	3.00	bio-xtal	0.38	0.40	0.39	-3.33	-3.31	-3.32
19200	88.50	same	0.38	0.40	0.39	-3.33	-3.31	-3.32
19200	11.50	different	0.38	0.40	0.39	-3.33	-3.31	-3.32
19400	44.50	xtal-xtal	0.36	0.38	0.37	-3.31	-3.30	-3.31
19400	47.50	bio-bio	0.36	0.38	0.37	-3.31	-3.30	-3.31
19400	5.50	xtal-bio	0.36	0.38	0.37	-3.31	-3.30	-3.31
19400	2.50	bio-xtal	0.36	0.38	0.37	-3.31	-3.30	-3.31
19400	92.00	same	0.36	0.38	0.37	-3.31	-3.30	-3.31
19400	8.00	different	0.36	0.38	0.37	-3.31	-3.30	-3.31
19600	44.00	xtal-xtal	0.35	0.36	0.36	-3.30	-3.28	-3.29
19600	46.00	bio-bio	0.35	0.36	0.36	-3.30	-3.28	-3.29
19600	6.00	xtal-bio	0.35	0.36	0.36	-3.30	-3.28	-3.29
19600	4.00	bio-xtal	0.35	0.36	0.36	-3.30	-3.28	-3.29
19600	90.00	same	0.35	0.36	0.36	-3.30	-3.28	-3.29
19600	10.00	different	0.35	0.36	0.36	-3.30	-3.28	-3.29
19800	44.00	xtal-xtal	0.33	0.35	0.34	-3.28	-3.27	-3.27
19800	44.50	bio-bio	0.33	0.35	0.34	-3.28	-3.27	-3.27
19800	6.00	xtal-bio	0.33	0.35	0.34	-3.28	-3.27	-3.27
19800	5.50	bio-xtal	0.33	0.35	0.34	-3.28	-3.27	-3.27
19800	88.50	same	0.33	0.35	0.34	-3.28	-3.27	-3.27
19800	11.50	different	0.33	0.35	0.34	-3.28	-3.27	-3.27
20000	43.00	xtal-xtal	0.32	0.33	0.32	-3.27	-3.25	-3.26
20000	46.50	bio-bio	0.32	0.33	0.32	-3.27	-3.25	-3.26
20000	7.00	xtal-bio	0.32	0.33	0.32	-3.27	-3.25	-3.26
20000	3.50	bio-xtal	0.32	0.33	0.32	-3.27	-3.25	-3.26
20000	89.50	same	0.32	0.33	0.32	-3.27	-3.25	-3.26
20000	10.50	different	0.32	0.33	0.32	-3.27	-3.25	-3.26
20200	43.00	xtal-xtal	0.30	0.32	0.31	-3.25	-3.24	-3.25
20200	48.00	bio-bio	0.30	0.32	0.31	-3.25	-3.24	-3.25
20200	7.00	xtal-bio	0.30	0.32	0.31	-3.25	-3.24	-3.25
20200	2.00	bio-xtal	0.30	0.32	0.31	-3.25	-3.24	-3.25
20200	91.00	same	0.30	0.32	0.31	-3.25	-3.24	-3.25
20200	9.00	different	0.30	0.32	0.31	-3.25	-3.24	-3.25
20400	43.50	xtal-xtal	0.29	0.30	0.30	-3.24	-3.22	-3.23
20400	44.00	bio-bio	0.29	0.30	0.30	-3.24	-3.22	-3.23
20400	6.50	xtal-bio	0.29	0.30	0.30	-3.24	-3.22	-3.23
20400	6.00	bio-xtal	0.29	0.30	0.30	-3.24	-3.22	-3.23
20400	87.50	same	0.29	0.30	0.30	-3.24	-3.22	-3.23
20400	12.50	different	0.29	0.30	0.30	-3.24	-3.22	-3.23
20600	40.00	xtal-xtal	0.27	0.29	0.28	-3.22	-3.21	-3.21
20600	46.50	bio-bio	0.27	0.29	0.28	-3.22	-3.21	-3.21
20600	10.00	xtal-bio	0.27	0.29	0.28	-3.22	-3.21	-3.21
20600	3.50	bio-xtal	0.27	0.29	0.28	-3.22	-3.21	-3.21
20600	86.50	same	0.27	0.29	0.28	-3.22	-3.21	-3.21
20600	13.50	different	0.27	0.29	0.28	-3.22	-3.21	-3.21
20800	40.50	xtal-xtal	0.26	0.27	0.27	-3.21	-3.20	-3.20
20800	45.50	bio-bio	0.26	0.27	0.27	-3.21	-3.20	-3.20
20800	9.50	xtal-bio	0.26	0.27	0.27	-3.21	-3.20	-3.20
20800	4.50	bio-xtal	0.26	0.27	0.27	-3.21	-3.20	-3.20
20800	86.00	same	0.26	0.27	0.27	-3.21	-3.20	-3.20
20800	14.00	different	0.26	0.27	0.27	-3.21	-3.20	-3.20
21000	43.50	xtal-xtal	0.24	0.26	0.25	-3.20	-3.18	-3.19
21000	42.50	bio-bio	0.24	0.26	0.25	-3.20	-3.18	-3.19
21000	6.50	xtal-bio	0.24	0.26	0.25	-3.20	-3.18	-3.19
21000	7.50	bio-xtal	0.24	0.26	0.25	-3.20	-3.18	-3.19
21000	86.00	same	0.24	0.26	0.25	-3.20	-3.18	-3.19
21000	14.00	different	0.24	0.26	0.25	-3.20	-3.18	-3.19
21200	41.00	xtal-xtal	0.23	0.24	0.24	-3.18	-3.16	-3.17
21200	45.00	bio-bio	0.23	0.24	0.24	-3.18	-3.16	-3.17
21200	9.00	xtal-bio	0.23	0.24	0.24	-3.18	-3.16	-3.17
21200	5.00	bio-xtal	0.23	0.24	0.24	-3.18	-3.16	-3.17
21200	86.00	same	0.23	0.24	0.24	-3.18	-3.16	-3.17
21200	14.00	different	0.23	0.24	0.24	-3.18	-3.16	-3.17
21400	43.50	xtal-xtal	0.22	0.23	0.22	-3.16	-3.14	-3.15
21400	45.00	bio-bio	0.22	0.23	0.22	-3.16	-3.14	-3.15
21400	6.50	xtal-bio	0.22	0.23	0.22	-3.16	-3.14	-3.15
21400	5.00	bio-xtal	0.22	0.23	0.22	-3.16	-3.14	-3.15
21400	88.50	same	0.22	0.23	0.22	-3.16	-3.14	-3.15
21400	11.50	different	0.22	0.23	0.22	-3.16	-3.14	-3.15
21600	37.50	xtal-xtal	0.20	0.22	0.21	-3.14	-3.13	-3.14
21600	44.50	bio-bio	0.20	0.22	0.21	-3.14	-3.13	-3.14
21600	12.50	xtal-bio	0.20	0.22	0.21	-3.14	-3.13	-3.14
21600	5.50	bio-xtal	0.20	0.22	0.21	-3.14	-3.13	-3.14
21600	82.00	same	0.20	0.22	0.21	-3.14	-3.13	-3.14
21600	18.00	different	0.20	0.22	0.21	-3.14	-3.13	-3.14
21800	42.50	xtal-xtal	0.19	0.20	0.20	-3.13	-3.12	-3.12
21800	45.50	bio-bio	0.19	0.20	0.20	-3.13	-3.12	-3.12
21800	7.50	xtal-bio	0.19	0.20	0.20	-3.13	-3.12	-3.12
21800	4.50	bio-xtal	0.19	0.20	0.20	-3.13	-3.12	-3.12
21800	88.00	same	0.19	0.20	0.20	-3.13	-3.12	-3.12
21800	12.00	different	0.19	0.20	0.20	-3.13	-3.12	-3.12
22000	41.00	xtal-xtal	0.17	0.19	0.18	-3.12	-3.10	-3.11
22000	44.00	bio-bio	0.17	0.19	0.18	-3.12	-3.10	-3.11
22000	9.00	xtal-bio	0.17	0.19	0.18	-3.12	-3.10	-3.11
22000	6.00	bio-xtal	0.17	0.19	0.18	-3.12	-3.10	-3.11
22000	85.00	same	0.17	0.19	0.18	-3.12	-3.10	-3.11
22000	15.00	different	0.17	0.19	0.18	-3.12	-3.10	-3.11
22200	39.00	xtal-xtal	0.15	0.17	0.16	-3.10	-3.09	-3.09
22200	44.00	bio-bio	0.15	0.17	0.16	-3.10	-3.09	-3.09
22200	11.00	xtal-bio	0.15	0.17	0.16	-3.10	-3.09	-3.09
22200	6.00	bio-xtal	0.15	0.17	0.16	-3.10	-3.09	-3.09
22200	83.00	same	0.15	0.17	0.16	-3.10	-3.09	-3.09
22200	17.00	different	0.15	0.17	0.16	-3.10	-3.09	-3.09
22400	37.00	xtal-xtal	0.14	0.15	0.15	-3.09	-3.07	-3.08
22400	44.50	bio-bio	0.14	0.15	0.15	-3.09	-3.07	-3.08
22400	13.00	xtal-bio	0.14	0.15	0.15	-3.09	-3.07	-3.08
22400	5.50	bio-xtal	0.14	0.15	0.15	-3.09	-3.07	-3.08
22400	81.50	same	0.14	0.15	0.15	-3.09	-3.07	-3.08
22400	18.50	different	0.14	0.15	0.15	-3.09	-3.07	-3.08
22600	41.50	xtal-xtal	0.12	0.14	0.13	-3.07	-3.05	-3.06
22600	45.50	bio-bio	0.12	0.14	0.13	-3.07	-3.05	-3.06
22600	8.50	xtal-bio	0.12	0.14	0.13	-3.07	-3.05	-3.06
22600	4.50	bio-xtal	0.12	0.14	0.13	-3.07	-3.05	-3.06
22600	87.00	same	0.12	0.14	0.13	-3.07	-3.05	-3.06
22600	13.00	different	0.12	0.14	0.13	-3.07	-3.05	-3.06
22800	40.00	xtal-xtal	0.11	0.12	0.12	-3.05	-3.04	-3.05
22800	42.50	bio-bio	0.11	0.12	0.12	-3.05	-3.04	-3.05
22800	10.00	xtal-bio	0.11	0.12	0.12	-3.05	-3.04	-3.05
22800	7.50	bio-xtal	0.11	0.12	0.12	-3.05	-3.04	-3.05
22800	82.50	same	0.11	0.12	0.12	-3.05	-3.04	-3.05
22800	17.50	different	0.11	0.12	0.12	-3.05	-3.04	-3.05
23000	40.00	xtal-xtal	0.09	0.11	0.10	-3.04	-3.03	-3.04
23000	44.50	bio-bio	0.09	0.11	0.10	-3.04	-3.03	-3.04
23000	10.00	xtal-bio	0.09	0.11	0.10	-3.04	-3.03	-3.04
23000	5.50	bio-xtal	0.09	0.11	0.10	-3.04	-3.03	-3.04
23000	84.50	same	0.09	0.11	0.10	-3.04	-3.03	-3.04
23000	15.50	different	0.09	0.11	0.10	-3.04	-3.03	-3.04
23200	37.50	xtal-xtal	0.08	0.09	0.09	-3.03	-3.01	-3.02
23200	45.00	bio-bio	0.08	0.09	0.09	-3.03	-3.01	-3.02
23200	12.50	xtal-bio	0.08	0.09	0.09	-3.03	-3.01	-3.02
23200	5.00	bio-xtal	0.08	0.09	0.09	-3.03	-3.01	-3.02
23200	82.50	same	0.08	0.09	0.09	-3.03	-3.01	-3.02
23200	17.50	different	0.08	0.09	0.09	-3.03	-3.01	-3.02
23400	37.00	xtal-xtal	0.06	0.08	0.07	-3.01	-3.00	-3.01
23400	47.00	bio-bio	0.06	0.08	0.07	-3.01	-3.00	-3.01
23400	13.00	xtal-bio	0.06	0.08	0.07	-3.01	-3.00	-3.01
23400	3.00	bio-xtal	0.06	0.08	0.07	-3.01	-3.00	-3.01
23400	84.00	same	0.06	0.08	0.07	-3.01	-3.00	-3.01
23400	16.00	different	0.06	0.08	0.07	-3.01	-3.00	-3.01
23600	42.50	xtal-xtal	0.05	0.06	0.06	-3.00	-2.99	-2.99
23600	45.00	bio-bio	0.05	0.06	0.06	-3.00	-2.99	-2.99
23600	7.50	xtal-bio	0.05	0.06	0.06	-3.00	-2.99	-2.99
23600	5.00	bio-xtal	0.05	0.06	0.06	-3.00	-2.99	-2.99
23600	87.50	same	0.05	0.06	0.06	-3.00	-2.99	-2.99
23600	12.50	different	0.05	0.06	0.06	-3.00	-2.99	-2.99
23800	34.50	xtal-xtal	0.03	0.05	0.04	-2.99	-2.97	-2.98
23800	46.00	bio-bio	0.03	0.05	0.04	-2.99	-2.97	-2.98
23800	15.50	xtal-bio	0.03	0.05	0.04	-2.99	-2.97	-2.98
23800	4.00	bio-xtal	0.03	0.05	0.04	-2.99	-2.97	-2.98
23800	80.50	same	0.03	0.05	0.04	-2.99	-2.97	-2.98
23800	19.50	different	0.03	0.05	0.04	-2.99	-2.97	-2.98
24000	38.00	xtal-xtal	0.02	0.03	0.03	-2.97	-2.96	-2.96
24000	45.00	bio-bio	0.02	0.03	0.03	-2.97	-2.96	-2.96
24000	12.00	xtal-bio	0.02	0.03	0.03	-2.97	-2.96	-2.96
24000	5.00	bio-xtal	0.02	0.03	0.03	-2.97	-2.96	-2.96
24000	83.00	same	0.02	0.03	0.03	-2.97	-2.96	-2.96
24000	17.00	different	0.02	0.03	0.03	-2.97	-2.96	-2.96
24200	40.00	xtal-xtal	0.01	0.02	0.01	-2.96	-2.95	-2.95
24200	46.50	bio-bio	0.01	0.02	0.01	-2.96	-2.95	-2.95
24200	10.00	xtal-bio	0.01	0.02	0.01	-2.96	-2.95	-2.95
24200	3.50	bio-xtal	0.01	0.02	0.01	-2.96	-2.95	-2.95
24200	86.50	same	0.01	0.02	0.01	-2.96	-2.95	-2.95
24200	13.50	different	0.01	0.02	0.01	-2.96	-2.95	-2.95
24400	38.00	xtal-xtal	-0.01	0.01	0.00	-2.95	-2.94	-2.94
24400	43.50	bio-bio	-0.01	0.01	0.00	-2.95	-2.94	-2.94
24400	12.00	xtal-bio	-0.01	0.01	0.00	-2.95	-2.94	-2.94
24400	6.50	bio-xtal	-0.01	0.01	0.00	-2.95	-2.94	-2.94
24400	81.50	same	-0.01	0.01	0.00	-2.95	-2.94	-2.94
24400	18.50	different	-0.01	0.01	0.00	-2.95	-2.94	-2.94
24600	37.00	xtal-xtal	-0.02	-0.01	-0.01	-2.94	-2.92	-2.93
24600	44.00	bio-bio	-0.02	-0.01	-0.01	-2.94	-2.92	-2.93
24600	13.00	xtal-bio	-0.02	-0.01	-0.01	-2.94	-2.92	-2.93
24600	6.00	bio-xtal	-0.02	-0.01	-0.01	-2.94	-2.92	-2.93
24600	81.00	same	-0.02	-0.01	-0.01	-2.94	-2.92	-2.93
24600	19.00	different	-0.02	-0.01	-0.01	-2.94	-2.92	-2.93
24800	39.00	xtal-xtal	-0.03	-0.02	-0.03	-2.92	-2.91	-2.92
24800	47.00	bio-bio	-0.03	-0.02	-0.03	-2.92	-2.91	-2.92
24800	11.00	xtal-bio	-0.03	-0.02	-0.03	-2.92	-2.91	-2.92
24800	3.00	bio-xtal	-0.03	-0.02	-0.03	-2.92	-2.91	-2.92
24800	86.00	same	-0.03	-0.02	-0.03	-2.92	-2.91	-2.92
24800	14.00	different	-0.03	-0.02	-0.03	-2.92	-2.91	-2.92
25000	38.00	xtal-xtal	-0.05	-0.03	-0.04	-2.91	-2.90	-2.91
25000	45.50	bio-bio	-0.05	-0.03	-0.04	-2.91	-2.90	-2.91
25000	12.00	xtal-bio	-0.05	-0.03	-0.04	-2.91	-2.90	-2.91
25000	4.50	bio-xtal	-0.05	-0.03	-0.04	-2.91	-2.90	-2.91
25000	83.50	same	-0.05	-0.03	-0.04	-2.91	-2.90	-2.91
25000	16.50	different	-0.05	-0.03	-0.04	-2.91	-2.90	-2.91
25200	40.50	xtal-xtal	-0.06	-0.05	-0.05	-2.90	-2.89	-2.90
25200	47.00	bio-bio	-0.06	-0.05	-0.05	-2.90	-2.89	-2.90
25200	9.50	xtal-bio	-0.06	-0.05	-0.05	-2.90	-2.89	-2.90
25200	3.00	bio-xtal	-0.06	-0.05	-0.05	-2.90	-2.89	-2.90
25200	87.50	same	-0.06	-0.05	-0.05	-2.90	-2.89	-2.90
25200	12.50	different	-0.06	-0.05	-0.05	-2.90	-2.89	-2.90
25400	38.00	xtal-xtal	-0.08	-0.06	-0.07	-2.89	-2.88	-2.88
25400	44.00	bio-bio	-0.08	-0.06	-0.07	-2.89	-2.88	-2.88
25400	12.00	xtal-bio	-0.08	-0.06	-0.07	-2.89	-2.88	-2.88
25400	6.00	bio-xtal	-0.08	-0.06	-0.07	-2.89	-2.88	-2.88
25400	82.00	same	-0.08	-0.06	-0.07	-2.89	-2.88	-2.88
25400	18.00	different	-0.08	-0.06	-0.07	-2.89	-2.88	-2.88
25600	38.00	xtal-xtal	-0.09	-0.08	-0.08	-2.88	-2.87	-2.87
25600	48.50	bio-bio	-0.09	-0.08	-0.08	-2.88	-2.87	-2.87
25600	12.00	xtal-bio	-0.09	-0.08	-0.08	-2.88	-2.87	-2.87
25600	1.50	bio-xtal	-0.09	-0.08	-0.08	-2.88	-2.87	-2.87
25600	86.50	same	-0.09	-0.08	-0.08	-2.88	-2.87	-2.87
25600	13.50	different	-0.09	-0.08	-0.08	-2.88	-2.87	-2.87
25800	38.50	xtal-xtal	-0.11	-0.09	-0.10	-2.86	-2.85	-2.86
25800	45.50	bio-bio	-0.11	-0.09	-0.10	-2.86	-2.85	-2.86
25800	11.50	xtal-bio	-0.11	-0.09	-0.10	-2.86	-2.85	-2.86
25800	4.50	bio-xtal	-0.11	-0.09	-0.10	-2.86	-2.85	-2.86
25800	84.00	same	-0.11	-0.09	-0.10	-2.86	-2.85	-2.86
25800	16.00	different	-0.11	-0.09	-0.10	-2.86	-2.85	-2.86
26000	36.50	xtal-xtal	-0.12	-0.11	-0.11	-2.85	-2.84	-2.85
26000	46.00	bio-bio	-0.12	-0.11	-0.11	-2.85	-2.84	-2.85
26000	13.50	xtal-bio	-0.12	-0.11	-0.11	-2.85	-2.84	-2.85
26000	4.00	bio-xtal	-0.12	-0.11	-0.11	-2.85	-2.84	-2.85
26000	82.50	same	-0.12	-0.11	-0.11	-2.85	-2.84	-2.85
26000	17.50	different	-0.12	-0.11	-0.11	-2.85	-2.84	-2.85
26200	37.00	xtal-xtal	-0.14	-0.12	-0.13	-2.84	-2.83	-2.83
26200	47.00	bio-bio	-0.14	-0.12	-0.13	-2.84	-2.83	-2.83
26200	13.00	xtal-bio	-0.14	-0.12	-0.13	-2.84	-2.83	-2.83
26200	3.00	bio-xtal	-0.14	-0.12	-0.13	-2.84	-2.83	-2.83
26200	84.00	same	-0.14	-0.12	-0.13	-2.84	-2.83	-2.83
26200	16.00	different	-0.14	-0.12	-0.13	-2.84	-2.83	-2.83
26400	34.50	xtal-xtal	-0.16	-0.14	-0.15	-2.83	-2.82	-2.82
26400	47.00	bio-bio	-0.16	-0.14	-0.15	-2.83	-2.82	-2.82
26400	15.50	xtal-bio	-0.16	-0.14	-0.15	-2.83	-2.82	-2.82
26400	3.00	bio-xtal	-0.16	-0.14	-0.15	-2.83	-2.82	-2.82
26400	81.50	same	-0.16	-0.14	-0.15	-2.83	-2.82	-2.82
26400	18.50	different	-0.16	-0.14	-0.15	-2.83	-2.82	-2.82
26600	37.00	xtal-xtal	-0.17	-0.16	-0.16	-2.82	-2.80	-2.81
26600	46.50	bio-bio	-0.17	-0.16	-0.16	-2.82	-2.80	-2.81
26600	13.00	xtal-bio	-0.17	-0.16	-0.16	-2.82	-2.80	-2.81
26600	3.50	bio-xtal	-0.17	-0.16	-0.16	-2.82	-2.80	-2.81
26600	83.50	same	-0.17	-0.16	-0.16	-2.82	-2.80	-2.81
26600	16.50	different	-0.17	-0.16	-0.16	-2.82	-2.80	-2.81
26800	38.50	xtal-xtal	-0.19	-0.17	-0.18	-2.80	-2.79	-2.80
26800	42.00	bio-bio	-0.19	-0.17	-0.18	-2.80	-2.79	-2.80
26800	11.50	xtal-bio	-0.19	-0.17	-0.18	-2.80	-2.79	-2.80
26800	8.00	bio-xtal	-0.19	-0.17	-0.18	-2.80	-2.79	-2.80
26800	80.50	same	-0.19	-0.17	-0.18	-2.80	-2.79	-2.80
26800	19.50	different	-0.19	-0.17	-0.18	-2.80	-2.79	-2.80
27000	41.00	xtal-xtal	-0.20	-0.19	-0.20	-2.79	-2.78	-2.79
27000	45.50	bio-bio	-0.20	-0.19	-0.20	-2.79	-2.78	-2.79
27000	9.00	xtal-bio	-0.20	-0.19	-0.20	-2.79	-2.78	-2.79
27000	4.50	bio-xtal	-0.20	-0.19	-0.20	-2.79	-2.78	-2.79
27000	86.50	same	-0.20	-0.19	-0.20	-2.79	-2.78	-2.79
27000	13.50	different	-0.20	-0.19	-0.20	-2.79	-2.78	-2.79
27200	42.00	xtal-xtal	-0.22	-0.20	-0.21	-2.78	-2.77	-2.78
27200	45.00	bio-bio	-0.22	-0.20	-0.21	-2.78	-2.77	-2.78
27200	8.00	xtal-bio	-0.22	-0.20	-0.21	-2.78	-2.77	-2.78
27200	5.00	bio-xtal	-0.22	-0.20	-0.21	-2.78	-2.77	-2.78
27200	87.00	same	-0.22	-0.20	-0.21	-2.78	-2.77	-2.78
27200	13.00	different	-0.22	-0.20	-0.21	-2.78	-2.77	-2.78
27400	35.00	xtal-xtal	-0.24	-0.22	-0.23	-2.77	-2.76	-2.77
27400	44.00	bio-bio	-0.24	-0.22	-0.23	-2.77	-2.76	-2.77
27400	15.00	xtal-bio	-0.24	-0.22	-0.23	-2.77	-2.76	-2.77
27400	6.00	bio-xtal	-0.24	-0.22	-0.23	-2.77	-2.76	-2.77
27400	79.00	same	-0.24	-0.22	-0.23	-2.77	-2.76	-2.77
27400	21.00	different	-0.24	-0.22	-0.23	-2.77	-2.76	-2.77
27600	36.50	xtal-xtal	-0.26	-0.24	-0.25	-2.76	-2.75	-2.75
27600	45.50	bio-bio	-0.26	-0.24	-0.25	-2.76	-2.75	-2.75
27600	13.50	xtal-bio	-0.26	-0.24	-0.25	-2.76	-2.75	-2.75
27600	4.50	bio-xtal	-0.26	-0.24	-0.25	-2.76	-2.75	-2.75
27600	82.00	same	-0.26	-0.24	-0.25	-2.76	-2.75	-2.75
27600	18.00	different	-0.26	-0.24	-0.25	-2.76	-2.75	-2.75
27800	36.50	xtal-xtal	-0.27	-0.26	-0.26	-2.75	-2.74	-2.74
27800	44.00	bio-bio	-0.27	-0.26	-0.26	-2.75	-2.74	-2.74
27800	13.50	xtal-bio	-0.27	-0.26	-0.26	-2.75	-2.74	-2.74
27800	6.00	bio-xtal	-0.27	-0.26	-0.26	-2.75	-2.74	-2.74
27800	80.50	same	-0.27	-0.26	-0.26	-2.75	-2.74	-2.74
27800	19.50	different	-0.27	-0.26	-0.26	-2.75	-2.74	-2.74
28000	39.50	xtal-xtal	-0.29	-0.27	-0.28	-2.74	-2.73	-2.73
28000	44.00	bio-bio	-0.29	-0.27	-0.28	-2.74	-2.73	-2.73
28000	10.50	xtal-bio	-0.29	-0.27	-0.28	-2.74	-2.73	-2.73
28000	6.00	bio-xtal	-0.29	-0.27	-0.28	-2.74	-2.73	-2.73
28000	83.50	same	-0.29	-0.27	-0.28	-2.74	-2.73	-2.73
28000	16.50	different	-0.29	-0.27	-0.28	-2.74	-2.73	-2.73
28200	28.50	xtal-xtal	-0.31	-0.29	-0.30	-2.73	-2.72	-2.72
28200	47.50	bio-bio	-0.31	-0.29	-0.30	-2.73	-2.72	-2.72
28200	21.50	xtal-bio	-0.31	-0.29	-0.30	-2.73	-2.72	-2.72
28200	2.50	bio-xtal	-0.31	-0.29	-0.30	-2.73	-2.72	-2.72
28200	76.00	same	-0.31	-0.29	-0.30	-2.73	-2.72	-2.72
28200	24.00	different	-0.31	-0.29	-0.30	-2.73	-2.72	-2.72
28400	36.50	xtal-xtal	-0.33	-0.31	-0.32	-2.72	-2.71	-2.71
28400	43.50	bio-bio	-0.33	-0.31	-0.32	-2.72	-2.71	-2.71
28400	13.50	xtal-bio	-0.33	-0.31	-0.32	-2.72	-2.71	-2.71
28400	6.50	bio-xtal	-0.33	-0.31	-0.32	-2.72	-2.71	-2.71
28400	80.00	same	-0.33	-0.31	-0.32	-2.72	-2.71	-2.71
28400	20.00	different	-0.33	-0.31	-0.32	-2.72	-2.71	-2.71
28600	37.00	xtal-xtal	-0.35	-0.33	-0.34	-2.71	-2.70	-2.70
28600	44.00	bio-bio	-0.35	-0.33	-0.34	-2.71	-2.70	-2.70
28600	13.00	xtal-bio	-0.35	-0.33	-0.34	-2.71	-2.70	-2.70
28600	6.00	bio-xtal	-0.35	-0.33	-0.34	-2.71	-2.70	-2.70
28600	81.00	same	-0.35	-0.33	-0.34	-2.71	-2.70	-2.70
28600	19.00	different	-0.35	-0.33	-0.34	-2.71	-2.70	-2.70
28800	32.50	xtal-xtal	-0.37	-0.35	-0.36	-2.70	-2.69	-2.69
28800	46.50	bio-bio	-0.37	-0.35	-0.36	-2.70	-2.69	-2.69
28800	17.50	xtal-bio	-0.37	-0.35	-0.36	-2.70	-2.69	-2.69
28800	3.50	bio-xtal	-0.37	-0.35	-0.36	-2.70	-2.69	-2.69
28800	79.00	same	-0.37	-0.35	-0.36	-2.70	-2.69	-2.69
28800	21.00	different	-0.37	-0.35	-0.36	-2.70	-2.69	-2.69
29000	33.50	xtal-xtal	-0.39	-0.37	-0.38	-2.69	-2.68	-2.68
29000	43.50	bio-bio	-0.39	-0.37	-0.38	-2.69	-2.68	-2.68
29000	16.50	xtal-bio	-0.39	-0.37	-0.38	-2.69	-2.68	-2.68
29000	6.50	bio-xtal	-0.39	-0.37	-0.38	-2.69	-2.68	-2.68
29000	77.00	same	-0.39	-0.37	-0.38	-2.69	-2.68	-2.68
29000	23.00	different	-0.39	-0.37	-0.38	-2.69	-2.68	-2.68
29200	32.50	xtal-xtal	-0.41	-0.39	-0.40	-2.68	-2.67	-2.67
29200	45.00	bio-bio	-0.41	-0.39	-0.40	-2.68	-2.67	-2.67
29200	17.50	xtal-bio	-0.41	-0.39	-0.40	-2.68	-2.67	-2.67
29200	5.00	bio-xtal	-0.41	-0.39	-0.40	-2.68	-2.67	-2.67
29200	77.50	same	-0.41	-0.39	-0.40	-2.68	-2.67	-2.67
29200	22.50	different	-0.41	-0.39	-0.40	-2.68	-2.67	-2.67
29400	32.50	xtal-xtal	-0.42	-0.41	-0.41	-2.67	-2.66	-2.66
29400	47.00	bio-bio	-0.42	-0.41	-0.41	-2.67	-2.66	-2.66
29400	17.50	xtal-bio	-0.42	-0.41	-0.41	-2.67	-2.66	-2.66
29400	3.00	bio-xtal	-0.42	-0.41	-0.41	-2.67	-2.66	-2.66
29400	79.50	same	-0.42	-0.41	-0.41	-2.67	-2.66	-2.66
29400	20.50	different	-0.42	-0.41	-0.41	-2.67	-2.66	-2.66
29600	33.00	xtal-xtal	-0.44	-0.42	-0.43	-2.66	-2.65	-2.65
29600	44.00	bio-bio	-0.44	-0.42	-0.43	-2.66	-2.65	-2.65
29600	17.00	xtal-bio	-0.44	-0.42	-0.43	-2.66	-2.65	-2.65
29600	6.00	bio-xtal	-0.44	-0.42	-0.43	-2.66	-2.65	-2.65
29600	77.00	same	-0.44	-0.42	-0.43	-2.66	-2.65	-2.65
29600	23.00	different	-0.44	-0.42	-0.43	-2.66	-2.65	-2.65
29800	33.00	xtal-xtal	-0.46	-0.44	-0.45	-2.65	-2.64	-2.64
29800	46.00	bio-bio	-0.46	-0.44	-0.45	-2.65	-2.64	-2.64
29800	17.00	xtal-bio	-0.46	-0.44	-0.45	-2.65	-2.64	-2.64
29800	4.00	bio-xtal	-0.46	-0.44	-0.45	-2.65	-2.64	-2.64
29800	79.00	same	-0.46	-0.44	-0.45	-2.65	-2.64	-2.64
29800	21.00	different	-0.46	-0.44	-0.45	-2.65	-2.64	-2.64
30000	35.50	xtal-xtal	-0.48	-0.46	-0.47	-2.64	-2.63	-2.63
30000	46.50	bio-bio	-0.48	-0.46	-0.47	-2.64	-2.63	-2.63
30000	14.50	xtal-bio	-0.48	-0.46	-0.47	-2.64	-2.63	-2.63
30000	3.50	bio-xtal	-0.48	-0.46	-0.47	-2.64	-2.63	-2.63
30000	82.00	same	-0.48	-0.46	-0.47	-2.64	-2.63	-2.63
30000	18.00	different	-0.48	-0.46	-0.47	-2.64	-2.63	-2.63
30200	28.00	xtal-xtal	-0.49	-0.48	-0.49	-2.63	-2.62	-2.62
30200	45.00	bio-bio	-0.49	-0.48	-0.49	-2.63	-2.62	-2.62
30200	22.00	xtal-bio	-0.49	-0.48	-0.49	-2.63	-2.62	-2.62
30200	5.00	bio-xtal	-0.49	-0.48	-0.49	-2.63	-2.62	-2.62
30200	73.00	same	-0.49	-0.48	-0.49	-2.63	-2.62	-2.62
30200	27.00	different	-0.49	-0.48	-0.49	-2.63	-2.62	-2.62
30400	33.50	xtal-xtal	-0.51	-0.49	-0.50	-2.62	-2.61	-2.61
30400	44.00	bio-bio	-0.51	-0.49	-0.50	-2.62	-2.61	-2.61
30400	16.50	xtal-bio	-0.51	-0.49	-0.50	-2.62	-2.61	-2.61
30400	6.00	bio-xtal	-0.51	-0.49	-0.50	-2.62	-2.61	-2.61
30400	77.50	same	-0.51	-0.49	-0.50	-2.62	-2.61	-2.61
30400	22.50	different	-0.51	-0.49	-0.50	-2.62	-2.61	-2.61
30600	28.00	xtal-xtal	-0.53	-0.51	-0.52	-2.61	-2.60	-2.60
30600	45.50	bio-bio	-0.53	-0.51	-0.52	-2.61	-2.60	-2.60
30600	22.00	xtal-bio	-0.53	-0.51	-0.52	-2.61	-2.60	-2.60
30600	4.50	bio-xtal	-0.53	-0.51	-0.52	-2.61	-2.60	-2.60
30600	73.50	same	-0.53	-0.51	-0.52	-2.61	-2.60	-2.60
30600	26.50	different	-0.53	-0.51	-0.52	-2.61	-2.60	-2.60
30800	27.50	xtal-xtal	-0.55	-0.53	-0.54	-2.60	-2.59	-2.59
30800	46.00	bio-bio	-0.55	-0.53	-0.54	-2.60	-2.59	-2.59
30800	22.50	xtal-bio	-0.55	-0.53	-0.54	-2.60	-2.59	-2.59
30800	4.00	bio-xtal	-0.55	-0.53	-0.54	-2.60	-2.59	-2.59
30800	73.50	same	-0.55	-0.53	-0.54	-2.60	-2.59	-2.59
30800	26.50	different	-0.55	-0.53	-0.54	-2.60	-2.59	-2.59
31000	26.50	xtal-xtal	-0.57	-0.55	-0.56	-2.59	-2.58	-2.58
31000	44.50	bio-bio	-0.57	-0.55	-0.56	-2.59	-2.58	-2.58
31000	23.50	xtal-bio	-0.57	-0.55	-0.56	-2.59	-2.58	-2.58
31000	5.50	bio-xtal	-0.57	-0.55	-0.56	-2.59	-2.58	-2.58
31000	71.00	same	-0.57	-0.55	-0.56	-2.59	-2.58	-2.58
31000	29.00	different	-0.57	-0.55	-0.56	-2.59	-2.58	-2.58
31200	28.00	xtal-xtal	-0.60	-0.57	-0.58	-2.58	-2.57	-2.57
31200	44.00	bio-bio	-0.60	-0.57	-0.58	-2.58	-2.57	-2.57
31200	22.00	xtal-bio	-0.60	-0.57	-0.58	-2.58	-2.57	-2.57
31200	6.00	bio-xtal	-0.60	-0.57	-0.58	-2.58	-2.57	-2.57
31200	72.00	same	-0.60	-0.57	-0.58	-2.58	-2.57	-2.57
31200	28.00	different	-0.60	-0.57	-0.58	-2.58	-2.57	-2.57
31400	23.50	xtal-xtal	-0.62	-0.60	-0.61	-2.57	-2.56	-2.57
31400	45.50	bio-bio	-0.62	-0.60	-0.61	-2.57	-2.56	-2.57
31400	26.50	xtal-bio	-0.62	-0.60	-0.61	-2.57	-2.56	-2.57
31400	4.50	bio-xtal	-0.62	-0.60	-0.61	-2.57	-2.56	-2.57
31400	69.00	same	-0.62	-0.60	-0.61	-2.57	-2.56	-2.57
31400	31.00	different	-0.62	-0.60	-0.61	-2.57	-2.56	-2.57
31600	23.00	xtal-xtal	-0.64	-0.62	-0.63	-2.56	-2.55	-2.56
31600	44.00	bio-bio	-0.64	-0.62	-0.63	-2.56	-2.55	-2.56
31600	27.00	xtal-bio	-0.64	-0.62	-0.63	-2.56	-2.55	-2.56
31600	6.00	bio-xtal	-0.64	-0.62	-0.63	-2.56	-2.55	-2.56
31600	67.00	same	-0.64	-0.62	-0.63	-2.56	-2.55	-2.56
31600	33.00	different	-0.64	-0.62	-0.63	-2.56	-2.55	-2.56
31800	26.00	xtal-xtal	-0.66	-0.64	-0.65	-2.55	-2.54	-2.55
31800	43.00	bio-bio	-0.66	-0.64	-0.65	-2.55	-2.54	-2.55
31800	24.00	xtal-bio	-0.66	-0.64	-0.65	-2.55	-2.54	-2.55
31800	7.00	bio-xtal	-0.66	-0.64	-0.65	-2.55	-2.54	-2.55
31800	69.00	same	-0.66	-0.64	-0.65	-2.55	-2.54	-2.55
31800	31.00	different	-0.66	-0.64	-0.65	-2.55	-2.54	-2.55
32000	28.50	xtal-xtal	-0.68	-0.66	-0.67	-2.54	-2.53	-2.54
32000	43.00	bio-bio	-0.68	-0.66	-0.67	-2.54	-2.53	-2.54
32000	21.50	xtal-bio	-0.68	-0.66	-0.67	-2.54	-2.53	-2.54
32000	7.00	bio-xtal	-0.68	-0.66	-0.67	-2.54	-2.53	-2.54
32000	71.50	same	-0.68	-0.66	-0.67	-2.54	-2.53	-2.54
32000	28.50	different	-0.68	-0.66	-0.67	-2.54	-2.53	-2.54
32200	22.50	xtal-xtal	-0.70	-0.68	-0.69	-2.53	-2.53	-2.53
32200	45.00	bio-bio	-0.70	-0.68	-0.69	-2.53	-2.53	-2.53
32200	27.50	xtal-bio	-0.70	-0.68	-0.69	-2.53	-2.53	-2.53
32200	5.00	bio-xtal	-0.70	-0.68	-0.69	-2.53	-2.53	-2.53
32200	67.50	same	-0.70	-0.68	-0.69	-2.53	-2.53	-2.53
32200	32.50	different	-0.70	-0.68	-0.69	-2.53	-2.53	-2.53
32400	21.50	xtal-xtal	-0.72	-0.70	-0.71	-2.53	-2.51	-2.52
32400	46.50	bio-bio	-0.72	-0.70	-0.71	-2.53	-2.51	-2.52
32400	28.50	xtal-bio	-0.72	-0.70	-0.71	-2.53	-2.51	-2.52
32400	3.50	bio-xtal	-0.72	-0.70	-0.71	-2.53	-2.51	-2.52
32400	68.00	same	-0.72	-0.70	-0.71	-2.53	-2.51	-2.52
32400	32.00	different	-0.72	-0.70	-0.71	-2.53	-2.51	-2.52
32600	21.00	xtal-xtal	-0.75	-0.72	-0.74	-2.51	-2.50	-2.51
32600	44.00	bio-bio	-0.75	-0.72	-0.74	-2.51	-2.50	-2.51
32600	29.00	xtal-bio	-0.75	-0.72	-0.74	-2.51	-2.50	-2.51
32600	6.00	bio-xtal	-0.75	-0.72	-0.74	-2.51	-2.50	-2.51
32600	65.00	same	-0.75	-0.72	-0.74	-2.51	-2.50	-2.51
32600	35.00	different	-0.75	-0.72	-0.74	-2.51	-2.50	-2.51
32800	28.00	xtal-xtal	-0.77	-0.75	-0.76	-2.50	-2.49	-2.50
32800	42.50	bio-bio	-0.77	-0.75	-0.76	-2.50	-2.49	-2.50
32800	22.00	xtal-bio	-0.77	-0.75	-0.76	-2.50	-2.49	-2.50
32800	7.50	bio-xtal	-0.77	-0.75	-0.76	-2.50	-2.49	-2.50
32800	70.50	same	-0.77	-0.75	-0.76	-2.50	-2.49	-2.50
32800	29.50	different	-0.77	-0.75	-0.76	-2.50	-2.49	-2.50
33000	22.50	xtal-xtal	-0.80	-0.77	-0.79	-2.49	-2.48	-2.49
33000	44.50	bio-bio	-0.80	-0.77	-0.79	-2.49	-2.48	-2.49
33000	27.50	xtal-bio	-0.80	-0.77	-0.79	-2.49	-2.48	-2.49
33000	5.50	bio-xtal	-0.80	-0.77	-0.79	-2.49	-2.48	-2.49
33000	67.00	same	-0.80	-0.77	-0.79	-2.49	-2.48	-2.49
33000	33.00	different	-0.80	-0.77	-0.79	-2.49	-2.48	-2.49
33200	25.50	xtal-xtal	-0.83	-0.80	-0.81	-2.48	-2.47	-2.48
33200	45.00	bio-bio	-0.83	-0.80	-0.81	-2.48	-2.47	-2.48
33200	24.50	xtal-bio	-0.83	-0.80	-0.81	-2.48	-2.47	-2.48
33200	5.00	bio-xtal	-0.83	-0.80	-0.81	-2.48	-2.47	-2.48
33200	70.50	same	-0.83	-0.80	-0.81	-2.48	-2.47	-2.48
33200	29.50	different	-0.83	-0.80	-0.81	-2.48	-2.47	-2.48
33400	25.00	xtal-xtal	-0.85	-0.83	-0.84	-2.47	-2.46	-2.47
33400	41.50	bio-bio	-0.85	-0.83	-0.84	-2.47	-2.46	-2.47
33400	25.00	xtal-bio	-0.85	-0.83	-0.84	-2.47	-2.46	-2.47
33400	8.50	bio-xtal	-0.85	-0.83	-0.84	-2.47	-2.46	-2.47
33400	66.50	same	-0.85	-0.83	-0.84	-2.47	-2.46	-2.47
33400	33.50	different	-0.85	-0.83	-0.84	-2.47	-2.46	-2.47
33600	20.00	xtal-xtal	-0.88	-0.85	-0.87	-2.46	-2.45	-2.46
33600	43.00	bio-bio	-0.88	-0.85	-0.87	-2.46	-2.45	-2.46
33600	30.00	xtal-bio	-0.88	-0.85	-0.87	-2.46	-2.45	-2.46
33600	7.00	bio-xtal	-0.88	-0.85	-0.87	-2.46	-2.45	-2.46
33600	63.00	same	-0.88	-0.85	-0.87	-2.46	-2.45	-2.46
33600	37.00	different	-0.88	-0.85	-0.87	-2.46	-2.45	-2.46
33800	21.50	xtal-xtal	-0.91	-0.88	-0.90	-2.45	-2.44	-2.45
33800	42.50	bio-bio	-0.91	-0.88	-0.90	-2.45	-2.44	-2.45
33800	28.50	xtal-bio	-0.91	-0.88	-0.90	-2.45	-2.44	-2.45
33800	7.50	bio-xtal	-0.91	-0.88	-0.90	-2.45	-2.44	-2.45
33800	64.00	same	-0.91	-0.88	-0.90	-2.45	-2.44	-2.45
33800	36.00	different	-0.91	-0.88	-0.90	-2.45	-2.44	-2.45
34000	20.00	xtal-xtal	-0.93	-0.91	-0.92	-2.44	-2.44	-2.44
34000	41.50	bio-bio	-0.93	-0.91	-0.92	-2.44	-2.44	-2.44
34000	30.00	xtal-bio	-0.93	-0.91	-0.92	-2.44	-2.44	-2.44
34000	8.50	bio-xtal	-0.93	-0.91	-0.92	-2.44	-2.44	-2.44
34000	61.50	same	-0.93	-0.91	-0.92	-2.44	-2.44	-2.44
34000	38.50	different	-0.93	-0.91	-0.92	-2.44	-2.44	-2.44
34200	24.00	xtal-xtal	-0.96	-0.93	-0.95	-2.44	-2.43	-2.43
34200	44.00	bio-bio	-0.96	-0.93	-0.95	-2.44	-2.43	-2.43
34200	26.00	xtal-bio	-0.96	-0.93	-0.95	-2.44	-2.43	-2.43
34200	6.00	bio-xtal	-0.96	-0.93	-0.95	-2.44	-2.43	-2.43
34200	68.00	same	-0.96	-0.93	-0.95	-2.44	-2.43	-2.43
34200	32.00	different	-0.96	-0.93	-0.95	-2.44	-2.43	-2.43
34400	22.00	xtal-xtal	-0.99	-0.96	-0.97	-2.43	-2.42	-2.42
34400	44.00	bio-bio	-0.99	-0.96	-0.97	-2.43	-2.42	-2.42
34400	28.00	xtal-bio	-0.99	-0.96	-0.97	-2.43	-2.42	-2.42
34400	6.00	bio-xtal	-0.99	-0.96	-0.97	-2.43	-2.42	-2.42
34400	66.00	same	-0.99	-0.96	-0.97	-2.43	-2.42	-2.42
34400	34.00	different	-0.99	-0.96	-0.97	-2.43	-2.42	-2.42
34600	6.50	xtal-xtal	-1.01	-0.99	-1.00	-2.42	-2.41	-2.41
34600	64.50	bio-bio	-1.01	-0.99	-1.00	-2.42	-2.41	-2.41
34600	10.50	xtal-bio	-1.01	-0.99	-1.00	-2.42	-2.41	-2.41
34600	18.50	bio-xtal	-1.01	-0.99	-1.00	-2.42	-2.41	-2.41
34600	71.00	same	-1.01	-0.99	-1.00	-2.42	-2.41	-2.41
34600	29.00	different	-1.01	-0.99	-1.00	-2.42	-2.41	-2.41
34800	0.00	xtal-xtal	-1.02	-1.01	-1.02	-2.41	-2.40	-2.41
34800	69.50	bio-bio	-1.02	-1.01	-1.02	-2.41	-2.40	-2.41
34800	0.00	xtal-bio	-1.02	-1.01	-1.02	-2.41	-2.40	-2.41
34800	30.50	bio-xtal	-1.02	-1.01	-1.02	-2.41	-2.40	-2.41
34800	69.50	same	-1.02	-1.01	-1.02	-2.41	-2.40	-2.41
34800	30.50	different	-1.02	-1.01	-1.02	-2.41	-2.40	-2.41
35000	0.00	xtal-xtal	-1.04	-1.02	-1.03	-2.40	-2.39	-2.40
35000	73.00	bio-bio	-1.04	-1.02	-1.03	-2.40	-2.39	-2.40
35000	0.00	xtal-bio	-1.04	-1.02	-1.03	-2.40	-2.39	-2.40
35000	27.00	bio-xtal	-1.04	-1.02	-1.03	-2.40	-2.39	-2.40
35000	73.00	same	-1.04	-1.02	-1.03	-2.40	-2.39	-2.40
35000	27.00	different	-1.04	-1.02	-1.03	-2.40	-2.39	-2.40
35200	0.00	xtal-xtal	-1.05	-1.04	-1.04	-2.39	-2.38	-2.39
35200	67.00	bio-bio	-1.05	-1.04	-1.04	-2.39	-2.38	-2.39
35200	0.00	xtal-bio	-1.05	-1.04	-1.04	-2.39	-2.38	-2.39
35200	33.00	bio-xtal	-1.05	-1.04	-1.04	-2.39	-2.38	-2.39
35200	67.00	same	-1.05	-1.04	-1.04	-2.39	-2.38	-2.39
35200	33.00	different	-1.05	-1.04	-1.04	-2.39	-2.38	-2.39
35400	0.00	xtal-xtal	-1.06	-1.05	-1.06	-2.38	-2.37	-2.38
35400	71.00	bio-bio	-1.06	-1.05	-1.06	-2.38	-2.37	-2.38
35400	0.00	xtal-bio	-1.06	-1.05	-1.06	-2.38	-2.37	-2.38
35400	29.00	bio-xtal	-1.06	-1.05	-1.06	-2.38	-2.37	-2.38
35400	71.00	same	-1.06	-1.05	-1.06	-2.38	-2.37	-2.38
35400	29.00	different	-1.06	-1.05	-1.06	-2.38	-2.37	-2.38
35600	0.00	xtal-xtal	-1.08	-1.06	-1.07	-2.37	-2.36	-2.37
35600	66.50	bio-bio	-1.08	-1.06	-1.07	-2.37	-2.36	-2.37
35600	0.00	xtal-bio	-1.08	-1.06	-1.07	-2.37	-2.36	-2.37
35600	33.50	bio-xtal	-1.08	-1.06	-1.07	-2.37	-2.36	-2.37
35600	66.50	same	-1.08	-1.06	-1.07	-2.37	-2.36	-2.37
35600	33.50	different	-1.08	-1.06	-1.07	-2.37	-2.36	-2.37
35800	0.00	xtal-xtal	-1.09	-1.08	-1.09	-2.36	-2.35	-2.36
35800	62.00	bio-bio	-1.09	-1.08	-1.09	-2.36	-2.35	-2.36
35800	0.00	xtal-bio	-1.09	-1.08	-1.09	-2.36	-2.35	-2.36
35800	38.00	bio-xtal	-1.09	-1.08	-1.09	-2.36	-2.35	-2.36
35800	62.00	same	-1.09	-1.08	-1.09	-2.36	-2.35	-2.36
35800	38.00	different	-1.09	-1.08	-1.09	-2.36	-2.35	-2.36
36000	0.00	xtal-xtal	-1.11	-1.09	-1.10	-2.35	-2.35	-2.35
36000	71.50	bio-bio	-1.11	-1.09	-1.10	-2.35	-2.35	-2.35
36000	0.00	xtal-bio	-1.11	-1.09	-1.10	-2.35	-2.35	-2.35
36000	28.50	bio-xtal	-1.11	-1.09	-1.10	-2.35	-2.35	-2.35
36000	71.50	same	-1.11	-1.09	-1.10	-2.35	-2.35	-2.35
36000	28.50	different	-1.11	-1.09	-1.10	-2.35	-2.35	-2.35
36200	0.00	xtal-xtal	-1.12	-1.11	-1.11	-2.35	-2.34	-2.34
36200	61.00	bio-bio	-1.12	-1.11	-1.11	-2.35	-2.34	-2.34
36200	0.00	xtal-bio	-1.12	-1.11	-1.11	-2.35	-2.34	-2.34
36200	39.00	bio-xtal	-1.12	-1.11	-1.11	-2.35	-2.34	-2.34
36200	61.00	same	-1.12	-1.11	-1.11	-2.35	-2.34	-2.34
36200	39.00	different	-1.12	-1.11	-1.11	-2.35	-2.34	-2.34
36400	0.00	xtal-xtal	-1.14	-1.12	-1.13	-2.34	-2.33	-2.33
36400	68.00	bio-bio	-1.14	-1.12	-1.13	-2.34	-2.33	-2.33
36400	0.00	xtal-bio	-1.14	-1.12	-1.13	-2.34	-2.33	-2.33
36400	32.00	bio-xtal	-1.14	-1.12	-1.13	-2.34	-2.33	-2.33
36400	68.00	same	-1.14	-1.12	-1.13	-2.34	-2.33	-2.33
36400	32.00	different	-1.14	-1.12	-1.13	-2.34	-2.33	-2.33
36600	0.00	xtal-xtal	-1.15	-1.14	-1.14	-2.33	-2.32	-2.32
36600	71.50	bio-bio	-1.15	-1.14	-1.14	-2.33	-2.32	-2.32
36600	0.00	xtal-bio	-1.15	-1.14	-1.14	-2.33	-2.32	-2.32
36600	28.50	bio-xtal	-1.15	-1.14	-1.14	-2.33	-2.32	-2.32
36600	71.50	same	-1.15	-1.14	-1.14	-2.33	-2.32	-2.32
36600	28.50	different	-1.15	-1.14	-1.14	-2.33	-2.32	-2.32
36800	0.00	xtal-xtal	-1.16	-1.15	-1.16	-2.32	-2.31	-2.32
36800	73.50	bio-bio	-1.16	-1.15	-1.16	-2.32	-2.31	-2.32
36800	0.00	xtal-bio	-1.16	-1.15	-1.16	-2.32	-2.31	-2.32
36800	26.50	bio-xtal	-1.16	-1.15	-1.16	-2.32	-2.31	-2.32
36800	73.50	same	-1.16	-1.15	-1.16	-2.32	-2.31	-2.32
36800	26.50	different	-1.16	-1.15	-1.16	-2.32	-2.31	-2.32
37000	0.00	xtal-xtal	-1.18	-1.16	-1.17	-2.31	-2.30	-2.31
37000	71.00	bio-bio	-1.18	-1.16	-1.17	-2.31	-2.30	-2.31
37000	0.00	xtal-bio	-1.18	-1.16	-1.17	-2.31	-2.30	-2.31
37000	29.00	bio-xtal	-1.18	-1.16	-1.17	-2.31	-2.30	-2.31
37000	71.00	same	-1.18	-1.16	-1.17	-2.31	-2.30	-2.31
37000	29.00	different	-1.18	-1.16	-1.17	-2.31	-2.30	-2.31
37200	0.00	xtal-xtal	-1.19	-1.18	-1.18	-2.30	-2.29	-2.30
37200	67.50	bio-bio	-1.19	-1.18	-1.18	-2.30	-2.29	-2.30
37200	0.00	xtal-bio	-1.19	-1.18	-1.18	-2.30	-2.29	-2.30
37200	32.50	bio-xtal	-1.19	-1.18	-1.18	-2.30	-2.29	-2.30
37200	67.50	same	-1.19	-1.18	-1.18	-2.30	-2.29	-2.30
37200	32.50	different	-1.19	-1.18	-1.18	-2.30	-2.29	-2.30
37400	0.00	xtal-xtal	-1.21	-1.19	-1.20	-2.29	-2.29	-2.29
37400	69.00	bio-bio	-1.21	-1.19	-1.20	-2.29	-2.29	-2.29
37400	0.00	xtal-bio	-1.21	-1.19	-1.20	-2.29	-2.29	-2.29
37400	31.00	bio-xtal	-1.21	-1.19	-1.20	-2.29	-2.29	-2.29
37400	69.00	same	-1.21	-1.19	-1.20	-2.29	-2.29	-2.29
37400	31.00	different	-1.21	-1.19	-1.20	-2.29	-2.29	-2.29
37600	0.00	xtal-xtal	-1.22	-1.21	-1.21	-2.29	-2.28	-2.28
37600	71.50	bio-bio	-1.22	-1.21	-1.21	-2.29	-2.28	-2.28
37600	0.00	xtal-bio	-1.22	-1.21	-1.21	-2.29	-2.28	-2.28
37600	28.50	bio-xtal	-1.22	-1.21	-1.21	-2.29	-2.28	-2.28
37600	71.50	same	-1.22	-1.21	-1.21	-2.29	-2.28	-2.28
37600	28.50	different	-1.22	-1.21	-1.21	-2.29	-2.28	-2.28
37800	0.00	xtal-xtal	-1.23	-1.22	-1.23	-2.28	-2.27	-2.27
37800	76.50	bio-bio	-1.23	-1.22	-1.23	-2.28	-2.27	-2.27
37800	0.00	xtal-bio	-1.23	-1.22	-1.23	-2.28	-2.27	-2.27
37800	23.50	bio-xtal	-1.23	-1.22	-1.23	-2.28	-2.27	-2.27
37800	76.50	same	-1.23	-1.22	-1.23	-2.28	-2.27	-2.27
37800	23.50	different	-1.23	-1.22	-1.23	-2.28	-2.27	-2.27
38000	0.00	xtal-xtal	-1.24	-1.23	-1.24	-2.27	-2.26	-2.26
38000	73.50	bio-bio	-1.24	-1.23	-1.24	-2.27	-2.26	-2.26
38000	0.00	xtal-bio	-1.24	-1.23	-1.24	-2.27	-2.26	-2.26
38000	26.50	bio-xtal	-1.24	-1.23	-1.24	-2.27	-2.26	-2.26
38000	73.50	same	-1.24	-1.23	-1.24	-2.27	-2.26	-2.26
38000	26.50	different	-1.24	-1.23	-1.24	-2.27	-2.26	-2.26
38200	0.00	xtal-xtal	-1.25	-1.24	-1.25	-2.26	-2.25	-2.25
38200	73.00	bio-bio	-1.25	-1.24	-1.25	-2.26	-2.25	-2.25
38200	0.00	xtal-bio	-1.25	-1.24	-1.25	-2.26	-2.25	-2.25
38200	27.00	bio-xtal	-1.25	-1.24	-1.25	-2.26	-2.25	-2.25
38200	73.00	same	-1.25	-1.24	-1.25	-2.26	-2.25	-2.25
38200	27.00	different	-1.25	-1.24	-1.25	-2.26	-2.25	-2.25
38400	0.00	xtal-xtal	-1.26	-1.26	-1.26	-2.25	-2.24	-2.24
38400	72.50	bio-bio	-1.26	-1.26	-1.26	-2.25	-2.24	-2.24
38400	0.00	xtal-bio	-1.26	-1.26	-1.26	-2.25	-2.24	-2.24
38400	27.50	bio-xtal	-1.26	-1.26	-1.26	-2.25	-2.24	-2.24
38400	72.50	same	-1.26	-1.26	-1.26	-2.25	-2.24	-2.24
38400	27.50	different	-1.26	-1.26	-1.26	-2.25	-2.24	-2.24
38600	0.00	xtal-xtal	-1.28	-1.26	-1.27	-2.24	-2.23	-2.23
38600	75.50	bio-bio	-1.28	-1.26	-1.27	-2.24	-2.23	-2.23
38600	0.00	xtal-bio	-1.28	-1.26	-1.27	-2.24	-2.23	-2.23
38600	24.50	bio-xtal	-1.28	-1.26	-1.27	-2.24	-2.23	-2.23
38600	75.50	same	-1.28	-1.26	-1.27	-2.24	-2.23	-2.23
38600	24.50	different	-1.28	-1.26	-1.27	-2.24	-2.23	-2.23
38800	0.00	xtal-xtal	-1.29	-1.28	-1.28	-2.23	-2.22	-2.22
38800	69.00	bio-bio	-1.29	-1.28	-1.28	-2.23	-2.22	-2.22
38800	0.00	xtal-bio	-1.29	-1.28	-1.28	-2.23	-2.22	-2.22
38800	31.00	bio-xtal	-1.29	-1.28	-1.28	-2.23	-2.22	-2.22
38800	69.00	same	-1.29	-1.28	-1.28	-2.23	-2.22	-2.22
38800	31.00	different	-1.29	-1.28	-1.28	-2.23	-2.22	-2.22
39000	0.00	xtal-xtal	-1.30	-1.29	-1.29	-2.22	-2.21	-2.21
39000	70.50	bio-bio	-1.30	-1.29	-1.29	-2.22	-2.21	-2.21
39000	0.00	xtal-bio	-1.30	-1.29	-1.29	-2.22	-2.21	-2.21
39000	29.50	bio-xtal	-1.30	-1.29	-1.29	-2.22	-2.21	-2.21
39000	70.50	same	-1.30	-1.29	-1.29	-2.22	-2.21	-2.21
39000	29.50	different	-1.30	-1.29	-1.29	-2.22	-2.21	-2.21
39200	0.00	xtal-xtal	-1.31	-1.30	-1.31	-2.21	-2.20	-2.21
39200	72.00	bio-bio	-1.31	-1.30	-1.31	-2.21	-2.20	-2.21
39200	0.00	xtal-bio	-1.31	-1.30	-1.31	-2.21	-2.20	-2.21
39200	28.00	bio-xtal	-1.31	-1.30	-1.31	-2.21	-2.20	-2.21
39200	72.00	same	-1.31	-1.30	-1.31	-2.21	-2.20	-2.21
39200	28.00	different	-1.31	-1.30	-1.31	-2.21	-2.20	-2.21
39400	0.00	xtal-xtal	-1.32	-1.31	-1.32	-2.20	-2.19	-2.20
39400	74.50	bio-bio	-1.32	-1.31	-1.32	-2.20	-2.19	-2.20
39400	0.00	xtal-bio	-1.32	-1.31	-1.32	-2.20	-2.19	-2.20
39400	25.50	bio-xtal	-1.32	-1.31	-1.32	-2.20	-2.19	-2.20
39400	74.50	same	-1.32	-1.31	-1.32	-2.20	-2.19	-2.20
39400	25.50	different	-1.32	-1.31	-1.32	-2.20	-2.19	-2.20
39600	0.00	xtal-xtal	-1.34	-1.32	-1.33	-2.19	-2.18	-2.19
39600	76.00	bio-bio	-1.34	-1.32	-1.33	-2.19	-2.18	-2.19
39600	0.00	xtal-bio	-1.34	-1.32	-1.33	-2.19	-2.18	-2.19
39600	24.00	bio-xtal	-1.34	-1.32	-1.33	-2.19	-2.18	-2.19
39600	76.00	same	-1.34	-1.32	-1.33	-2.19	-2.18	-2.19
39600	24.00	different	-1.34	-1.32	-1.33	-2.19	-2.18	-2.19
39800	0.00	xtal-xtal	-1.35	-1.34	-1.34	-2.18	-2.17	-2.18
39800	72.50	bio-bio	-1.35	-1.34	-1.34	-2.18	-2.17	-2.18
39800	0.00	xtal-bio	-1.35	-1.34	-1.34	-2.18	-2.17	-2.18
39800	27.50	bio-xtal	-1.35	-1.34	-1.34	-2.18	-2.17	-2.18
39800	72.50	same	-1.35	-1.34	-1.34	-2.18	-2.17	-2.18
39800	27.50	different	-1.35	-1.34	-1.34	-2.18	-2.17	-2.18
40000	0.00	xtal-xtal	-1.36	-1.35	-1.35	-2.17	-2.16	-2.17
40000	68.00	bio-bio	-1.36	-1.35	-1.35	-2.17	-2.16	-2.17
40000	0.00	xtal-bio	-1.36	-1.35	-1.35	-2.17	-2.16	-2.17
40000	32.00	bio-xtal	-1.36	-1.35	-1.35	-2.17	-2.16	-2.17
40000	68.00	same	-1.36	-1.35	-1.35	-2.17	-2.16	-2.17
40000	32.00	different	-1.36	-1.35	-1.35	-2.17	-2.16	-2.17
40200	0.00	xtal-xtal	-1.37	-1.36	-1.36	-2.16	-2.15	-2.16
40200	75.00	bio-bio	-1.37	-1.36	-1.36	-2.16	-2.15	-2.16
40200	0.00	xtal-bio	-1.37	-1.36	-1.36	-2.16	-2.15	-2.16
40200	25.00	bio-xtal	-1.37	-1.36	-1.36	-2.16	-2.15	-2.16
40200	75.00	same	-1.37	-1.36	-1.36	-2.16	-2.15	-2.16
40200	25.00	different	-1.37	-1.36	-1.36	-2.16	-2.15	-2.16
40400	0.00	xtal-xtal	-1.38	-1.37	-1.37	-2.15	-2.14	-2.15
40400	73.00	bio-bio	-1.38	-1.37	-1.37	-2.15	-2.14	-2.15
40400	0.00	xtal-bio	-1.38	-1.37	-1.37	-2.15	-2.14	-2.15
40400	27.00	bio-xtal	-1.38	-1.37	-1.37	-2.15	-2.14	-2.15
40400	73.00	same	-1.38	-1.37	-1.37	-2.15	-2.14	-2.15
40400	27.00	different	-1.38	-1.37	-1.37	-2.15	-2.14	-2.15
40600	0.00	xtal-xtal	-1.39	-1.38	-1.38	-2.14	-2.13	-2.14
40600	73.50	bio-bio	-1.39	-1.38	-1.38	-2.14	-2.13	-2.14
40600	0.00	xtal-bio	-1.39	-1.38	-1.38	-2.14	-2.13	-2.14
40600	26.50	bio-xtal	-1.39	-1.38	-1.38	-2.14	-2.13	-2.14
40600	73.50	same	-1.39	-1.38	-1.38	-2.14	-2.13	-2.14
40600	26.50	different	-1.39	-1.38	-1.38	-2.14	-2.13	-2.14
40800	0.00	xtal-xtal	-1.40	-1.39	-1.39	-2.13	-2.12	-2.13
40800	67.50	bio-bio	-1.40	-1.39	-1.39	-2.13	-2.12	-2.13
40800	0.00	xtal-bio	-1.40	-1.39	-1.39	-2.13	-2.12	-2.13
40800	32.50	bio-xtal	-1.40	-1.39	-1.39	-2.13	-2.12	-2.13
40800	67.50	same	-1.40	-1.39	-1.39	-2.13	-2.12	-2.13
40800	32.50	different	-1.40	-1.39	-1.39	-2.13	-2.12	-2.13
41000	0.00	xtal-xtal	-1.41	-1.40	-1.41	-2.12	-2.11	-2.12
41000	73.50	bio-bio	-1.41	-1.40	-1.41	-2.12	-2.11	-2.12
41000	0.00	xtal-bio	-1.41	-1.40	-1.41	-2.12	-2.11	-2.12
41000	26.50	bio-xtal	-1.41	-1.40	-1.41	-2.12	-2.11	-2.12
41000	73.50	same	-1.41	-1.40	-1.41	-2.12	-2.11	-2.12
41000	26.50	different	-1.41	-1.40	-1.41	-2.12	-2.11	-2.12
41200	0.00	xtal-xtal	-1.42	-1.41	-1.42	-2.11	-2.10	-2.11
41200	79.50	bio-bio	-1.42	-1.41	-1.42	-2.11	-2.10	-2.11
41200	0.00	xtal-bio	-1.42	-1.41	-1.42	-2.11	-2.10	-2.11
41200	20.50	bio-xtal	-1.42	-1.41	-1.42	-2.11	-2.10	-2.11
41200	79.50	same	-1.42	-1.41	-1.42	-2.11	-2.10	-2.11
41200	20.50	different	-1.42	-1.41	-1.42	-2.11	-2.10	-2.11
41400	0.00	xtal-xtal	-1.44	-1.42	-1.43	-2.10	-2.09	-2.10
41400	76.50	bio-bio	-1.44	-1.42	-1.43	-2.10	-2.09	-2.10
41400	0.00	xtal-bio	-1.44	-1.42	-1.43	-2.10	-2.09	-2.10
41400	23.50	bio-xtal	-1.44	-1.42	-1.43	-2.10	-2.09	-2.10
41400	76.50	same	-1.44	-1.42	-1.43	-2.10	-2.09	-2.10
41400	23.50	different	-1.44	-1.42	-1.43	-2.10	-2.09	-2.10
41600	0.00	xtal-xtal	-1.45	-1.44	-1.44	-2.09	-2.08	-2.09
41600	72.00	bio-bio	-1.45	-1.44	-1.44	-2.09	-2.08	-2.09
41600	0.00	xtal-bio	-1.45	-1.44	-1.44	-2.09	-2.08	-2.09
41600	28.00	bio-xtal	-1.45	-1.44	-1.44	-2.09	-2.08	-2.09
41600	72.00	same	-1.45	-1.44	-1.44	-2.09	-2.08	-2.09
41600	28.00	different	-1.45	-1.44	-1.44	-2.09	-2.08	-2.09
41800	0.00	xtal-xtal	-1.46	-1.45	-1.45	-2.08	-2.07	-2.08
41800	70.50	bio-bio	-1.46	-1.45	-1.45	-2.08	-2.07	-2.08
41800	0.00	xtal-bio	-1.46	-1.45	-1.45	-2.08	-2.07	-2.08
41800	29.50	bio-xtal	-1.46	-1.45	-1.45	-2.08	-2.07	-2.08
41800	70.50	same	-1.46	-1.45	-1.45	-2.08	-2.07	-2.08
41800	29.50	different	-1.46	-1.45	-1.45	-2.08	-2.07	-2.08
42000	0.00	xtal-xtal	-1.47	-1.46	-1.46	-2.07	-2.06	-2.07
42000	74.50	bio-bio	-1.47	-1.46	-1.46	-2.07	-2.06	-2.07
42000	0.00	xtal-bio	-1.47	-1.46	-1.46	-2.07	-2.06	-2.07
42000	25.50	bio-xtal	-1.47	-1.46	-1.46	-2.07	-2.06	-2.07
42000	74.50	same	-1.47	-1.46	-1.46	-2.07	-2.06	-2.07
42000	25.50	different	-1.47	-1.46	-1.46	-2.07	-2.06	-2.07
42200	0.00	xtal-xtal	-1.48	-1.47	-1.47	-2.06	-2.05	-2.06
42200	78.00	bio-bio	-1.48	-1.47	-1.47	-2.06	-2.05	-2.06
42200	0.00	xtal-bio	-1.48	-1.47	-1.47	-2.06	-2.05	-2.06
42200	22.00	bio-xtal	-1.48	-1.47	-1.47	-2.06	-2.05	-2.06
42200	78.00	same	-1.48	-1.47	-1.47	-2.06	-2.05	-2.06
42200	22.00	different	-1.48	-1.47	-1.47	-2.06	-2.05	-2.06
42400	0.00	xtal-xtal	-1.49	-1.48	-1.48	-2.05	-2.04	-2.05
42400	70.00	bio-bio	-1.49	-1.48	-1.48	-2.05	-2.04	-2.05
42400	0.00	xtal-bio	-1.49	-1.48	-1.48	-2.05	-2.04	-2.05
42400	30.00	bio-xtal	-1.49	-1.48	-1.48	-2.05	-2.04	-2.05
42400	70.00	same	-1.49	-1.48	-1.48	-2.05	-2.04	-2.05
42400	30.00	different	-1.49	-1.48	-1.48	-2.05	-2.04	-2.05
42600	0.00	xtal-xtal	-1.50	-1.49	-1.49	-2.04	-2.03	-2.04
42600	73.00	bio-bio	-1.50	-1.49	-1.49	-2.04	-2.03	-2.04
42600	0.00	xtal-bio	-1.50	-1.49	-1.49	-2.04	-2.03	-2.04
42600	27.00	bio-xtal	-1.50	-1.49	-1.49	-2.04	-2.03	-2.04
42600	73.00	same	-1.50	-1.49	-1.49	-2.04	-2.03	-2.04
42600	27.00	different	-1.50	-1.49	-1.49	-2.04	-2.03	-2.04
42800	0.00	xtal-xtal	-1.51	-1.50	-1.50	-2.03	-2.02	-2.03
42800	75.00	bio-bio	-1.51	-1.50	-1.50	-2.03	-2.02	-2.03
42800	0.00	xtal-bio	-1.51	-1.50	-1.50	-2.03	-2.02	-2.03
42800	25.00	bio-xtal	-1.51	-1.50	-1.50	-2.03	-2.02	-2.03
42800	75.00	same	-1.51	-1.50	-1.50	-2.03	-2.02	-2.03
42800	25.00	different	-1.51	-1.50	-1.50	-2.03	-2.02	-2.03
43000	0.00	xtal-xtal	-1.52	-1.51	-1.52	-2.02	-2.01	-2.02
43000	76.50	bio-bio	-1.52	-1.51	-1.52	-2.02	-2.01	-2.02
43000	0.00	xtal-bio	-1.52	-1.51	-1.52	-2.02	-2.01	-2.02
43000	23.50	bio-xtal	-1.52	-1.51	-1.52	-2.02	-2.01	-2.02
43000	76.50	same	-1.52	-1.51	-1.52	-2.02	-2.01	-2.02
43000	23.50	different	-1.52	-1.51	-1.52	-2.02	-2.01	-2.02
43200	0.00	xtal-xtal	-1.53	-1.52	-1.53	-2.01	-2.00	-2.01
43200	74.00	bio-bio	-1.53	-1.52	-1.53	-2.01	-2.00	-2.01
43200	0.00	xtal-bio	-1.53	-1.52	-1.53	-2.01	-2.00	-2.01
43200	26.00	bio-xtal	-1.53	-1.52	-1.53	-2.01	-2.00	-2.01
43200	74.00	same	-1.53	-1.52	-1.53	-2.01	-2.00	-2.01
43200	26.00	different	-1.53	-1.52	-1.53	-2.01	-2.00	-2.01
43400	0.00	xtal-xtal	-1.54	-1.53	-1.54	-2.00	-1.99	-2.00
43400	77.00	bio-bio	-1.54	-1.53	-1.54	-2.00	-1.99	-2.00
43400	0.00	xtal-bio	-1.54	-1.53	-1.54	-2.00	-1.99	-2.00
43400	23.00	bio-xtal	-1.54	-1.53	-1.54	-2.00	-1.99	-2.00
43400	77.00	same	-1.54	-1.53	-1.54	-2.00	-1.99	-2.00
43400	23.00	different	-1.54	-1.53	-1.54	-2.00	-1.99	-2.00
43600	0.00	xtal-xtal	-1.55	-1.54	-1.55	-1.99	-1.99	-1.99
43600	80.00	bio-bio	-1.55	-1.54	-1.55	-1.99	-1.99	-1.99
43600	0.00	xtal-bio	-1.55	-1.54	-1.55	-1.99	-1.99	-1.99
43600	20.00	bio-xtal	-1.55	-1.54	-1.55	-1.99	-1.99	-1.99
43600	80.00	same	-1.55	-1.54	-1.55	-1.99	-1.99	-1.99
43600	20.00	different	-1.55	-1.54	-1.55	-1.99	-1.99	-1.99
43800	0.00	xtal-xtal	-1.56	-1.55	-1.56	-1.99	-1.98	-1.98
43800	78.00	bio-bio	-1.56	-1.55	-1.56	-1.99	-1.98	-1.98
43800	0.00	xtal-bio	-1.56	-1.55	-1.56	-1.99	-1.98	-1.98
43800	22.00	bio-xtal	-1.56	-1.55	-1.56	-1.99	-1.98	-1.98
43800	78.00	same	-1.56	-1.55	-1.56	-1.99	-1.98	-1.98
43800	22.00	different	-1.56	-1.55	-1.56	-1.99	-1.98	-1.98
44000	0.00	xtal-xtal	-1.58	-1.57	-1.57	-1.97	-1.97	-1.97
44000	79.00	bio-bio	-1.58	-1.57	-1.57	-1.97	-1.97	-1.97
44000	0.00	xtal-bio	-1.58	-1.57	-1.57	-1.97	-1.97	-1.97
44000	21.00	bio-xtal	-1.58	-1.57	-1.57	-1.97	-1.97	-1.97
44000	79.00	same	-1.58	-1.57	-1.57	-1.97	-1.97	-1.97
44000	21.00	different	-1.58	-1.57	-1.57	-1.97	-1.97	-1.97
44200	0.00	xtal-xtal	-1.59	-1.58	-1.58	-1.97	-1.96	-1.96
44200	77.00	bio-bio	-1.59	-1.58	-1.58	-1.97	-1.96	-1.96
44200	0.00	xtal-bio	-1.59	-1.58	-1.58	-1.97	-1.96	-1.96
44200	23.00	bio-xtal	-1.59	-1.58	-1.58	-1.97	-1.96	-1.96
44200	77.00	same	-1.59	-1.58	-1.58	-1.97	-1.96	-1.96
44200	23.00	different	-1.59	-1.58	-1.58	-1.97	-1.96	-1.96
44400	0.00	xtal-xtal	-1.60	-1.59	-1.59	-1.96	-1.95	-1.95
44400	80.50	bio-bio	-1.60	-1.59	-1.59	-1.96	-1.95	-1.95
44400	0.00	xtal-bio	-1.60	-1.59	-1.59	-1.96	-1.95	-1.95
44400	19.50	bio-xtal	-1.60	-1.59	-1.59	-1.96	-1.95	-1.95
44400	80.50	same	-1.60	-1.59	-1.59	-1.96	-1.95	-1.95
44400	19.50	different	-1.60	-1.59	-1.59	-1.96	-1.95	-1.95
44600	0.00	xtal-xtal	-1.61	-1.60	-1.60	-1.95	-1.94	-1.94
44600	82.00	bio-bio	-1.61	-1.60	-1.60	-1.95	-1.94	-1.94
44600	0.00	xtal-bio	-1.61	-1.60	-1.60	-1.95	-1.94	-1.94
44600	18.00	bio-xtal	-1.61	-1.60	-1.60	-1.95	-1.94	-1.94
44600	82.00	same	-1.61	-1.60	-1.60	-1.95	-1.94	-1.94
44600	18.00	different	-1.61	-1.60	-1.60	-1.95	-1.94	-1.94
44800	0.00	xtal-xtal	-1.62	-1.61	-1.62	-1.94	-1.92	-1.93
44800	77.00	bio-bio	-1.62	-1.61	-1.62	-1.94	-1.92	-1.93
44800	0.00	xtal-bio	-1.62	-1.61	-1.62	-1.94	-1.92	-1.93
44800	23.00	bio-xtal	-1.62	-1.61	-1.62	-1.94	-1.92	-1.93
44800	77.00	same	-1.62	-1.61	-1.62	-1.94	-1.92	-1.93
44800	23.00	different	-1.62	-1.61	-1.62	-1.94	-1.92	-1.93
45000	0.00	xtal-xtal	-1.63	-1.62	-1.63	-1.92	-1.92	-1.92
45000	80.00	bio-bio	-1.63	-1.62	-1.63	-1.92	-1.92	-1.92
45000	0.00	xtal-bio	-1.63	-1.62	-1.63	-1.92	-1.92	-1.92
45000	20.00	bio-xtal	-1.63	-1.62	-1.63	-1.92	-1.92	-1.92
45000	80.00	same	-1.63	-1.62	-1.63	-1.92	-1.92	-1.92
45000	20.00	different	-1.63	-1.62	-1.63	-1.92	-1.92	-1.92
45200	0.00	xtal-xtal	-1.64	-1.63	-1.64	-1.92	-1.91	-1.91
45200	80.00	bio-bio	-1.64	-1.63	-1.64	-1.92	-1.91	-1.91
45200	0.00	xtal-bio	-1.64	-1.63	-1.64	-1.92	-1.91	-1.91
45200	20.00	bio-xtal	-1.64	-1.63	-1.64	-1.92	-1.91	-1.91
45200	80.00	same	-1.64	-1.63	-1.64	-1.92	-1.91	-1.91
45200	20.00	different	-1.64	-1.63	-1.64	-1.92	-1.91	-1.91
45400	0.00	xtal-xtal	-1.65	-1.64	-1.65	-1.91	-1.90	-1.90
45400	79.00	bio-bio	-1.65	-1.64	-1.65	-1.91	-1.90	-1.90
45400	0.00	xtal-bio	-1.65	-1.64	-1.65	-1.91	-1.90	-1.90
45400	21.00	bio-xtal	-1.65	-1.64	-1.65	-1.91	-1.90	-1.90
45400	79.00	same	-1.65	-1.64	-1.65	-1.91	-1.90	-1.90
45400	21.00	different	-1.65	-1.64	-1.65	-1.91	-1.90	-1.90
45600	0.00	xtal-xtal	-1.66	-1.65	-1.66	-1.90	-1.89	-1.89
45600	79.50	bio-bio	-1.66	-1.65	-1.66	-1.90	-1.89	-1.89
45600	0.00	xtal-bio	-1.66	-1.65	-1.66	-1.90	-1.89	-1.89
45600	20.50	bio-xtal	-1.66	-1.65	-1.66	-1.90	-1.89	-1.89
45600	79.50	same	-1.66	-1.65	-1.66	-1.90	-1.89	-1.89
45600	20.50	different	-1.66	-1.65	-1.66	-1.90	-1.89	-1.89
45800	0.00	xtal-xtal	-1.67	-1.66	-1.67	-1.89	-1.88	-1.88
45800	74.50	bio-bio	-1.67	-1.66	-1.67	-1.89	-1.88	-1.88
45800	0.00	xtal-bio	-1.67	-1.66	-1.67	-1.89	-1.88	-1.88
45800	25.50	bio-xtal	-1.67	-1.66	-1.67	-1.89	-1.88	-1.88
45800	74.50	same	-1.67	-1.66	-1.67	-1.89	-1.88	-1.88
45800	25.50	different	-1.67	-1.66	-1.67	-1.89	-1.88	-1.88
46000	0.00	xtal-xtal	-1.68	-1.67	-1.68	-1.88	-1.87	-1.87
46000	78.50	bio-bio	-1.68	-1.67	-1.68	-1.88	-1.87	-1.87
46000	0.00	xtal-bio	-1.68	-1.67	-1.68	-1.88	-1.87	-1.87
46000	21.50	bio-xtal	-1.68	-1.67	-1.68	-1.88	-1.87	-1.87
46000	78.50	same	-1.68	-1.67	-1.68	-1.88	-1.87	-1.87
46000	21.50	different	-1.68	-1.67	-1.68	-1.88	-1.87	-1.87
46200	0.00	xtal-xtal	-1.69	-1.68	-1.69	-1.87	-1.86	-1.86
46200	75.50	bio-bio	-1.69	-1.68	-1.69	-1.87	-1.86	-1.86
46200	0.00	xtal-bio	-1.69	-1.68	-1.69	-1.87	-1.86	-1.86
46200	24.50	bio-xtal	-1.69	-1.68	-1.69	-1.87	-1.86	-1.86
46200	75.50	same	-1.69	-1.68	-1.69	-1.87	-1.86	-1.86
46200	24.50	different	-1.69	-1.68	-1.69	-1.87	-1.86	-1.86
46400	0.00	xtal-xtal	-1.70	-1.69	-1.70	-1.86	-1.85	-1.86
46400	76.00	bio-bio	-1.70	-1.69	-1.70	-1.86	-1.85	-1.86
46400	0.00	xtal-bio	-1.70	-1.69	-1.70	-1.86	-1.85	-1.86
46400	24.00	bio-xtal	-1.70	-1.69	-1.70	-1.86	-1.85	-1.86
46400	76.00	same	-1.70	-1.69	-1.70	-1.86	-1.85	-1.86
46400	24.00	different	-1.70	-1.69	-1.70	-1.86	-1.85	-1.86
46600	0.00	xtal-xtal	-1.71	-1.70	-1.71	-1.85	-1.84	-1.85
46600	72.00	bio-bio	-1.71	-1.70	-1.71	-1.85	-1.84	-1.85
46600	0.00	xtal-bio	-1.71	-1.70	-1.71	-1.85	-1.84	-1.85
46600	28.00	bio-xtal	-1.71	-1.70	-1.71	-1.85	-1.84	-1.85
46600	72.00	same	-1.71	-1.70	-1.71	-1.85	-1.84	-1.85
46600	28.00	different	-1.71	-1.70	-1.71	-1.85	-1.84	-1.85
46800	0.00	xtal-xtal	-1.72	-1.71	-1.72	-1.84	-1.83	-1.84
46800	76.00	bio-bio	-1.72	-1.71	-1.72	-1.84	-1.83	-1.84
46800	0.00	xtal-bio	-1.72	-1.71	-1.72	-1.84	-1.83	-1.84
46800	24.00	bio-xtal	-1.72	-1.71	-1.72	-1.84	-1.83	-1.84
46800	76.00	same	-1.72	-1.71	-1.72	-1.84	-1.83	-1.84
46800	24.00	different	-1.72	-1.71	-1.72	-1.84	-1.83	-1.84
47000	0.00	xtal-xtal	-1.73	-1.72	-1.73	-1.83	-1.82	-1.83
47000	82.00	bio-bio	-1.73	-1.72	-1.73	-1.83	-1.82	-1.83
47000	0.00	xtal-bio	-1.73	-1.72	-1.73	-1.83	-1.82	-1.83
47000	18.00	bio-xtal	-1.73	-1.72	-1.73	-1.83	-1.82	-1.83
47000	82.00	same	-1.73	-1.72	-1.73	-1.83	-1.82	-1.83
47000	18.00	different	-1.73	-1.72	-1.73	-1.83	-1.82	-1.83
47200	0.00	xtal-xtal	-1.74	-1.73	-1.74	-1.82	-1.81	-1.82
47200	78.00	bio-bio	-1.74	-1.73	-1.74	-1.82	-1.81	-1.82
47200	0.00	xtal-bio	-1.74	-1.73	-1.74	-1.82	-1.81	-1.82
47200	22.00	bio-xtal	-1.74	-1.73	-1.74	-1.82	-1.81	-1.82
47200	78.00	same	-1.74	-1.73	-1.74	-1.82	-1.81	-1.82
47200	22.00	different	-1.74	-1.73	-1.74	-1.82	-1.81	-1.82
47400	0.00	xtal-xtal	-1.75	-1.74	-1.75	-1.81	-1.80	-1.81
47400	69.50	bio-bio	-1.75	-1.74	-1.75	-1.81	-1.80	-1.81
47400	0.00	xtal-bio	-1.75	-1.74	-1.75	-1.81	-1.80	-1.81
47400	30.50	bio-xtal	-1.75	-1.74	-1.75	-1.81	-1.80	-1.81
47400	69.50	same	-1.75	-1.74	-1.75	-1.81	-1.80	-1.81
47400	30.50	different	-1.75	-1.74	-1.75	-1.81	-1.80	-1.81
47600	0.00	xtal-xtal	-1.76	-1.75	-1.76	-1.80	-1.80	-1.80
47600	78.00	bio-bio	-1.76	-1.75	-1.76	-1.80	-1.80	-1.80
47600	0.00	xtal-bio	-1.76	-1.75	-1.76	-1.80	-1.80	-1.80
47600	22.00	bio-xtal	-1.76	-1.75	-1.76	-1.80	-1.80	-1.80
47600	78.00	same	-1.76	-1.75	-1.76	-1.80	-1.80	-1.80
47600	22.00	different	-1.76	-1.75	-1.76	-1.80	-1.80	-1.80
47800	0.00	xtal-xtal	-1.77	-1.76	-1.77	-1.80	-1.79	-1.79
47800	81.00	bio-bio	-1.77	-1.76	-1.77	-1.80	-1.79	-1.79
47800	0.00	xtal-bio	-1.77	-1.76	-1.77	-1.80	-1.79	-1.79
47800	19.00	bio-xtal	-1.77	-1.76	-1.77	-1.80	-1.79	-1.79
47800	81.00	same	-1.77	-1.76	-1.77	-1.80	-1.79	-1.79
47800	19.00	different	-1.77	-1.76	-1.77	-1.80	-1.79	-1.79
