datapoints	percentage	call	xmin	xmax	xmean	bmin	bmax	bmean
200	37.00	xtal-xtal	-11.78	2.33	-6.62	-2.37	3.18	0.00
200	43.00	bio-bio	-11.78	2.33	-6.62	-2.37	3.18	0.00
200	2.50	xtal-bio	-11.78	2.33	-6.62	-2.37	3.18	0.00
200	17.50	bio-xtal	-11.78	2.33	-6.62	-2.37	3.18	0.00
200	80.00	same	-11.78	2.33	-6.62	-2.37	3.18	0.00
200	20.00	different	-11.78	2.33	-6.62	-2.37	3.18	0.00
400	33.00	xtal-xtal	-18.35	-3.20	-10.23	-2.26	2.92	-0.21
400	54.50	bio-bio	-18.35	-3.20	-10.23	-2.26	2.92	-0.21
400	1.00	xtal-bio	-18.35	-3.20	-10.23	-2.26	2.92	-0.21
400	11.50	bio-xtal	-18.35	-3.20	-10.23	-2.26	2.92	-0.21
400	87.50	same	-18.35	-3.20	-10.23	-2.26	2.92	-0.21
400	12.50	different	-18.35	-3.20	-10.23	-2.26	2.92	-0.21
600	30.00	xtal-xtal	-17.83	-2.62	-7.64	-2.48	2.36	-0.06
600	49.50	bio-bio	-17.83	-2.62	-7.64	-2.48	2.36	-0.06
600	5.50	xtal-bio	-17.83	-2.62	-7.64	-2.48	2.36	-0.06
600	15.00	bio-xtal	-17.83	-2.62	-7.64	-2.48	2.36	-0.06
600	79.50	same	-17.83	-2.62	-7.64	-2.48	2.36	-0.06
600	20.50	different	-17.83	-2.62	-7.64	-2.48	2.36	-0.06
800	36.50	xtal-xtal	-13.62	-2.97	-6.97	-2.55	3.05	0.08
800	48.50	bio-bio	-13.62	-2.97	-6.97	-2.55	3.05	0.08
800	3.00	xtal-bio	-13.62	-2.97	-6.97	-2.55	3.05	0.08
800	12.00	bio-xtal	-13.62	-2.97	-6.97	-2.55	3.05	0.08
800	85.00	same	-13.62	-2.97	-6.97	-2.55	3.05	0.08
800	15.00	different	-13.62	-2.97	-6.97	-2.55	3.05	0.08
1000	29.50	xtal-xtal	-12.03	-3.23	-7.45	-2.21	3.27	-0.07
1000	52.00	bio-bio	-12.03	-3.23	-7.45	-2.21	3.27	-0.07
1000	4.00	xtal-bio	-12.03	-3.23	-7.45	-2.21	3.27	-0.07
1000	14.50	bio-xtal	-12.03	-3.23	-7.45	-2.21	3.27	-0.07
1000	81.50	same	-12.03	-3.23	-7.45	-2.21	3.27	-0.07
1000	18.50	different	-12.03	-3.23	-7.45	-2.21	3.27	-0.07
1200	32.50	xtal-xtal	-11.02	1.63	-6.65	-2.41	2.15	-0.06
1200	51.50	bio-bio	-11.02	1.63	-6.65	-2.41	2.15	-0.06
1200	7.00	xtal-bio	-11.02	1.63	-6.65	-2.41	2.15	-0.06
1200	9.00	bio-xtal	-11.02	1.63	-6.65	-2.41	2.15	-0.06
1200	84.00	same	-11.02	1.63	-6.65	-2.41	2.15	-0.06
1200	16.00	different	-11.02	1.63	-6.65	-2.41	2.15	-0.06
1400	37.00	xtal-xtal	-18.59	-2.40	-6.88	-2.43	2.74	0.24
1400	53.00	bio-bio	-18.59	-2.40	-6.88	-2.43	2.74	0.24
1400	4.50	xtal-bio	-18.59	-2.40	-6.88	-2.43	2.74	0.24
1400	5.50	bio-xtal	-18.59	-2.40	-6.88	-2.43	2.74	0.24
1400	90.00	same	-18.59	-2.40	-6.88	-2.43	2.74	0.24
1400	10.00	different	-18.59	-2.40	-6.88	-2.43	2.74	0.24
1600	36.00	xtal-xtal	-8.97	0.06	-5.40	-1.92	2.64	0.12
1600	52.00	bio-bio	-8.97	0.06	-5.40	-1.92	2.64	0.12
1600	4.00	xtal-bio	-8.97	0.06	-5.40	-1.92	2.64	0.12
1600	8.00	bio-xtal	-8.97	0.06	-5.40	-1.92	2.64	0.12
1600	88.00	same	-8.97	0.06	-5.40	-1.92	2.64	0.12
1600	12.00	different	-8.97	0.06	-5.40	-1.92	2.64	0.12
1800	29.00	xtal-xtal	-9.58	-2.52	-5.25	-2.00	2.62	-0.17
1800	49.50	bio-bio	-9.58	-2.52	-5.25	-2.00	2.62	-0.17
1800	2.00	xtal-bio	-9.58	-2.52	-5.25	-2.00	2.62	-0.17
1800	19.50	bio-xtal	-9.58	-2.52	-5.25	-2.00	2.62	-0.17
1800	78.50	same	-9.58	-2.52	-5.25	-2.00	2.62	-0.17
1800	21.50	different	-9.58	-2.52	-5.25	-2.00	2.62	-0.17
2000	33.50	xtal-xtal	-10.01	1.12	-4.70	-1.92	2.28	0.05
2000	49.50	bio-bio	-10.01	1.12	-4.70	-1.92	2.28	0.05
2000	9.00	xtal-bio	-10.01	1.12	-4.70	-1.92	2.28	0.05
2000	8.00	bio-xtal	-10.01	1.12	-4.70	-1.92	2.28	0.05
2000	83.00	same	-10.01	1.12	-4.70	-1.92	2.28	0.05
2000	17.00	different	-10.01	1.12	-4.70	-1.92	2.28	0.05
2200	32.00	xtal-xtal	-11.58	1.20	-5.22	-2.20	3.07	-0.01
2200	47.00	bio-bio	-11.58	1.20	-5.22	-2.20	3.07	-0.01
2200	10.50	xtal-bio	-11.58	1.20	-5.22	-2.20	3.07	-0.01
2200	10.50	bio-xtal	-11.58	1.20	-5.22	-2.20	3.07	-0.01
2200	79.00	same	-11.58	1.20	-5.22	-2.20	3.07	-0.01
2200	21.00	different	-11.58	1.20	-5.22	-2.20	3.07	-0.01
2400	39.00	xtal-xtal	-18.66	1.65	-6.07	-2.04	3.74	0.33
2400	53.00	bio-bio	-18.66	1.65	-6.07	-2.04	3.74	0.33
2400	2.50	xtal-bio	-18.66	1.65	-6.07	-2.04	3.74	0.33
2400	5.50	bio-xtal	-18.66	1.65	-6.07	-2.04	3.74	0.33
2400	92.00	same	-18.66	1.65	-6.07	-2.04	3.74	0.33
2400	8.00	different	-18.66	1.65	-6.07	-2.04	3.74	0.33
2600	37.50	xtal-xtal	-10.75	-0.80	-6.03	-2.32	2.57	0.04
2600	53.50	bio-bio	-10.75	-0.80	-6.03	-2.32	2.57	0.04
2600	1.50	xtal-bio	-10.75	-0.80	-6.03	-2.32	2.57	0.04
2600	7.50	bio-xtal	-10.75	-0.80	-6.03	-2.32	2.57	0.04
2600	91.00	same	-10.75	-0.80	-6.03	-2.32	2.57	0.04
2600	9.00	different	-10.75	-0.80	-6.03	-2.32	2.57	0.04
2800	35.50	xtal-xtal	-10.93	-0.66	-5.74	-2.07	2.98	0.16
2800	53.00	bio-bio	-10.93	-0.66	-5.74	-2.07	2.98	0.16
2800	3.00	xtal-bio	-10.93	-0.66	-5.74	-2.07	2.98	0.16
2800	8.50	bio-xtal	-10.93	-0.66	-5.74	-2.07	2.98	0.16
2800	88.50	same	-10.93	-0.66	-5.74	-2.07	2.98	0.16
2800	11.50	different	-10.93	-0.66	-5.74	-2.07	2.98	0.16
3000	34.50	xtal-xtal	-10.11	0.59	-5.32	-2.53	2.41	0.23
3000	49.00	bio-bio	-10.11	0.59	-5.32	-2.53	2.41	0.23
3000	7.50	xtal-bio	-10.11	0.59	-5.32	-2.53	2.41	0.23
3000	9.00	bio-xtal	-10.11	0.59	-5.32	-2.53	2.41	0.23
3000	83.50	same	-10.11	0.59	-5.32	-2.53	2.41	0.23
3000	16.50	different	-10.11	0.59	-5.32	-2.53	2.41	0.23
3200	34.00	xtal-xtal	-10.22	-1.72	-5.64	-2.17	2.94	0.06
3200	53.00	bio-bio	-10.22	-1.72	-5.64	-2.17	2.94	0.06
3200	3.50	xtal-bio	-10.22	-1.72	-5.64	-2.17	2.94	0.06
3200	9.50	bio-xtal	-10.22	-1.72	-5.64	-2.17	2.94	0.06
3200	87.00	same	-10.22	-1.72	-5.64	-2.17	2.94	0.06
3200	13.00	different	-10.22	-1.72	-5.64	-2.17	2.94	0.06
3400	38.50	xtal-xtal	-13.03	0.54	-5.67	-1.87	3.10	0.25
3400	53.00	bio-bio	-13.03	0.54	-5.67	-1.87	3.10	0.25
3400	2.00	xtal-bio	-13.03	0.54	-5.67	-1.87	3.10	0.25
3400	6.50	bio-xtal	-13.03	0.54	-5.67	-1.87	3.10	0.25
3400	91.50	same	-13.03	0.54	-5.67	-1.87	3.10	0.25
3400	8.50	different	-13.03	0.54	-5.67	-1.87	3.10	0.25
3600	32.00	xtal-xtal	-9.66	0.45	-6.29	-2.38	2.48	-0.05
3600	55.00	bio-bio	-9.66	0.45	-6.29	-2.38	2.48	-0.05
3600	5.50	xtal-bio	-9.66	0.45	-6.29	-2.38	2.48	-0.05
3600	7.50	bio-xtal	-9.66	0.45	-6.29	-2.38	2.48	-0.05
3600	87.00	same	-9.66	0.45	-6.29	-2.38	2.48	-0.05
3600	13.00	different	-9.66	0.45	-6.29	-2.38	2.48	-0.05
3800	34.50	xtal-xtal	-11.60	0.45	-6.99	-1.94	3.06	0.08
3800	55.50	bio-bio	-11.60	0.45	-6.99	-1.94	3.06	0.08
3800	3.50	xtal-bio	-11.60	0.45	-6.99	-1.94	3.06	0.08
3800	6.50	bio-xtal	-11.60	0.45	-6.99	-1.94	3.06	0.08
3800	90.00	same	-11.60	0.45	-6.99	-1.94	3.06	0.08
3800	10.00	different	-11.60	0.45	-6.99	-1.94	3.06	0.08
4000	32.50	xtal-xtal	-9.55	0.89	-5.45	-2.05	3.42	0.07
4000	56.50	bio-bio	-9.55	0.89	-5.45	-2.05	3.42	0.07
4000	3.00	xtal-bio	-9.55	0.89	-5.45	-2.05	3.42	0.07
4000	8.00	bio-xtal	-9.55	0.89	-5.45	-2.05	3.42	0.07
4000	89.00	same	-9.55	0.89	-5.45	-2.05	3.42	0.07
4000	11.00	different	-9.55	0.89	-5.45	-2.05	3.42	0.07
4200	36.50	xtal-xtal	-10.71	1.02	-5.15	-2.52	3.00	0.26
4200	51.00	bio-bio	-10.71	1.02	-5.15	-2.52	3.00	0.26
4200	3.00	xtal-bio	-10.71	1.02	-5.15	-2.52	3.00	0.26
4200	9.50	bio-xtal	-10.71	1.02	-5.15	-2.52	3.00	0.26
4200	87.50	same	-10.71	1.02	-5.15	-2.52	3.00	0.26
4200	12.50	different	-10.71	1.02	-5.15	-2.52	3.00	0.26
4400	38.50	xtal-xtal	-7.22	-2.27	-5.09	-2.58	2.60	0.31
4400	50.50	bio-bio	-7.22	-2.27	-5.09	-2.58	2.60	0.31
4400	2.00	xtal-bio	-7.22	-2.27	-5.09	-2.58	2.60	0.31
4400	9.00	bio-xtal	-7.22	-2.27	-5.09	-2.58	2.60	0.31
4400	89.00	same	-7.22	-2.27	-5.09	-2.58	2.60	0.31
4400	11.00	different	-7.22	-2.27	-5.09	-2.58	2.60	0.31
4600	34.50	xtal-xtal	-8.90	1.07	-4.63	-2.20	5.34	0.27
4600	52.00	bio-bio	-8.90	1.07	-4.63	-2.20	5.34	0.27
4600	3.50	xtal-bio	-8.90	1.07	-4.63	-2.20	5.34	0.27
4600	10.00	bio-xtal	-8.90	1.07	-4.63	-2.20	5.34	0.27
4600	86.50	same	-8.90	1.07	-4.63	-2.20	5.34	0.27
4600	13.50	different	-8.90	1.07	-4.63	-2.20	5.34	0.27
4800	31.50	xtal-xtal	-15.25	0.61	-4.95	-2.48	2.57	-0.06
4800	52.00	bio-bio	-15.25	0.61	-4.95	-2.48	2.57	-0.06
4800	3.50	xtal-bio	-15.25	0.61	-4.95	-2.48	2.57	-0.06
4800	13.00	bio-xtal	-15.25	0.61	-4.95	-2.48	2.57	-0.06
4800	83.50	same	-15.25	0.61	-4.95	-2.48	2.57	-0.06
4800	16.50	different	-15.25	0.61	-4.95	-2.48	2.57	-0.06
5000	31.00	xtal-xtal	-8.67	-1.89	-4.80	-2.31	3.66	0.02
5000	54.50	bio-bio	-8.67	-1.89	-4.80	-2.31	3.66	0.02
5000	4.00	xtal-bio	-8.67	-1.89	-4.80	-2.31	3.66	0.02
5000	10.50	bio-xtal	-8.67	-1.89	-4.80	-2.31	3.66	0.02
5000	85.50	same	-8.67	-1.89	-4.80	-2.31	3.66	0.02
5000	14.50	different	-8.67	-1.89	-4.80	-2.31	3.66	0.02
5200	35.50	xtal-xtal	-17.88	-0.35	-5.09	-2.85	2.88	0.07
5200	54.00	bio-bio	-17.88	-0.35	-5.09	-2.85	2.88	0.07
5200	4.50	xtal-bio	-17.88	-0.35	-5.09	-2.85	2.88	0.07
5200	6.00	bio-xtal	-17.88	-0.35	-5.09	-2.85	2.88	0.07
5200	89.50	same	-17.88	-0.35	-5.09	-2.85	2.88	0.07
5200	10.50	different	-17.88	-0.35	-5.09	-2.85	2.88	0.07
5400	34.50	xtal-xtal	-12.99	0.42	-5.31	-2.16	2.61	0.19
5400	51.50	bio-bio	-12.99	0.42	-5.31	-2.16	2.61	0.19
5400	7.00	xtal-bio	-12.99	0.42	-5.31	-2.16	2.61	0.19
5400	7.00	bio-xtal	-12.99	0.42	-5.31	-2.16	2.61	0.19
5400	86.00	same	-12.99	0.42	-5.31	-2.16	2.61	0.19
5400	14.00	different	-12.99	0.42	-5.31	-2.16	2.61	0.19
5600	35.00	xtal-xtal	-8.21	0.63	-4.44	-3.01	2.95	0.09
5600	53.50	bio-bio	-8.21	0.63	-4.44	-3.01	2.95	0.09
5600	5.00	xtal-bio	-8.21	0.63	-4.44	-3.01	2.95	0.09
5600	6.50	bio-xtal	-8.21	0.63	-4.44	-3.01	2.95	0.09
5600	88.50	same	-8.21	0.63	-4.44	-3.01	2.95	0.09
5600	11.50	different	-8.21	0.63	-4.44	-3.01	2.95	0.09
5800	38.00	xtal-xtal	-16.74	0.84	-4.79	-3.18	2.13	0.08
5800	52.50	bio-bio	-16.74	0.84	-4.79	-3.18	2.13	0.08
5800	2.00	xtal-bio	-16.74	0.84	-4.79	-3.18	2.13	0.08
5800	7.50	bio-xtal	-16.74	0.84	-4.79	-3.18	2.13	0.08
5800	90.50	same	-16.74	0.84	-4.79	-3.18	2.13	0.08
5800	9.50	different	-16.74	0.84	-4.79	-3.18	2.13	0.08
6000	34.00	xtal-xtal	-13.53	5.65	-4.01	-2.23	3.17	0.14
6000	53.50	bio-bio	-13.53	5.65	-4.01	-2.23	3.17	0.14
6000	5.50	xtal-bio	-13.53	5.65	-4.01	-2.23	3.17	0.14
6000	7.00	bio-xtal	-13.53	5.65	-4.01	-2.23	3.17	0.14
6000	87.50	same	-13.53	5.65	-4.01	-2.23	3.17	0.14
6000	12.50	different	-13.53	5.65	-4.01	-2.23	3.17	0.14
6200	32.50	xtal-xtal	-12.80	1.35	-4.78	-2.26	2.96	0.08
6200	51.00	bio-bio	-12.80	1.35	-4.78	-2.26	2.96	0.08
6200	6.50	xtal-bio	-12.80	1.35	-4.78	-2.26	2.96	0.08
6200	10.00	bio-xtal	-12.80	1.35	-4.78	-2.26	2.96	0.08
6200	83.50	same	-12.80	1.35	-4.78	-2.26	2.96	0.08
6200	16.50	different	-12.80	1.35	-4.78	-2.26	2.96	0.08
6400	34.00	xtal-xtal	-13.72	2.07	-5.67	-2.58	3.77	0.26
6400	54.50	bio-bio	-13.72	2.07	-5.67	-2.58	3.77	0.26
6400	5.00	xtal-bio	-13.72	2.07	-5.67	-2.58	3.77	0.26
6400	6.50	bio-xtal	-13.72	2.07	-5.67	-2.58	3.77	0.26
6400	88.50	same	-13.72	2.07	-5.67	-2.58	3.77	0.26
6400	11.50	different	-13.72	2.07	-5.67	-2.58	3.77	0.26
6600	32.00	xtal-xtal	-14.10	1.53	-4.40	-2.13	2.22	0.05
6600	45.00	bio-bio	-14.10	1.53	-4.40	-2.13	2.22	0.05
6600	6.50	xtal-bio	-14.10	1.53	-4.40	-2.13	2.22	0.05
6600	16.50	bio-xtal	-14.10	1.53	-4.40	-2.13	2.22	0.05
6600	77.00	same	-14.10	1.53	-4.40	-2.13	2.22	0.05
6600	23.00	different	-14.10	1.53	-4.40	-2.13	2.22	0.05
6800	36.00	xtal-xtal	-13.05	-1.09	-4.30	-2.83	2.85	0.11
6800	54.00	bio-bio	-13.05	-1.09	-4.30	-2.83	2.85	0.11
6800	2.50	xtal-bio	-13.05	-1.09	-4.30	-2.83	2.85	0.11
6800	7.50	bio-xtal	-13.05	-1.09	-4.30	-2.83	2.85	0.11
6800	90.00	same	-13.05	-1.09	-4.30	-2.83	2.85	0.11
6800	10.00	different	-13.05	-1.09	-4.30	-2.83	2.85	0.11
7000	32.00	xtal-xtal	-13.73	5.47	-3.84	-2.85	4.66	-0.07
7000	57.50	bio-bio	-13.73	5.47	-3.84	-2.85	4.66	-0.07
7000	5.50	xtal-bio	-13.73	5.47	-3.84	-2.85	4.66	-0.07
7000	5.00	bio-xtal	-13.73	5.47	-3.84	-2.85	4.66	-0.07
7000	89.50	same	-13.73	5.47	-3.84	-2.85	4.66	-0.07
7000	10.50	different	-13.73	5.47	-3.84	-2.85	4.66	-0.07
7200	36.00	xtal-xtal	-13.33	-0.08	-4.11	-2.87	3.59	0.24
7200	53.00	bio-bio	-13.33	-0.08	-4.11	-2.87	3.59	0.24
7200	6.00	xtal-bio	-13.33	-0.08	-4.11	-2.87	3.59	0.24
7200	5.00	bio-xtal	-13.33	-0.08	-4.11	-2.87	3.59	0.24
7200	89.00	same	-13.33	-0.08	-4.11	-2.87	3.59	0.24
7200	11.00	different	-13.33	-0.08	-4.11	-2.87	3.59	0.24
7400	36.50	xtal-xtal	-12.02	0.76	-4.17	-2.92	3.42	0.39
7400	56.50	bio-bio	-12.02	0.76	-4.17	-2.92	3.42	0.39
7400	3.50	xtal-bio	-12.02	0.76	-4.17	-2.92	3.42	0.39
7400	3.50	bio-xtal	-12.02	0.76	-4.17	-2.92	3.42	0.39
7400	93.00	same	-12.02	0.76	-4.17	-2.92	3.42	0.39
7400	7.00	different	-12.02	0.76	-4.17	-2.92	3.42	0.39
7600	34.50	xtal-xtal	-11.21	0.08	-3.52	-2.91	3.33	0.35
7600	47.00	bio-bio	-11.21	0.08	-3.52	-2.91	3.33	0.35
7600	11.50	xtal-bio	-11.21	0.08	-3.52	-2.91	3.33	0.35
7600	7.00	bio-xtal	-11.21	0.08	-3.52	-2.91	3.33	0.35
7600	81.50	same	-11.21	0.08	-3.52	-2.91	3.33	0.35
7600	18.50	different	-11.21	0.08	-3.52	-2.91	3.33	0.35
7800	36.50	xtal-xtal	-9.95	-0.10	-3.43	-2.84	3.81	0.39
7800	46.00	bio-bio	-9.95	-0.10	-3.43	-2.84	3.81	0.39
7800	11.50	xtal-bio	-9.95	-0.10	-3.43	-2.84	3.81	0.39
7800	6.00	bio-xtal	-9.95	-0.10	-3.43	-2.84	3.81	0.39
7800	82.50	same	-9.95	-0.10	-3.43	-2.84	3.81	0.39
7800	17.50	different	-9.95	-0.10	-3.43	-2.84	3.81	0.39
8000	32.00	xtal-xtal	-9.76	2.71	-3.30	-3.16	3.45	0.04
8000	44.50	bio-bio	-9.76	2.71	-3.30	-3.16	3.45	0.04
8000	8.00	xtal-bio	-9.76	2.71	-3.30	-3.16	3.45	0.04
8000	15.50	bio-xtal	-9.76	2.71	-3.30	-3.16	3.45	0.04
8000	76.50	same	-9.76	2.71	-3.30	-3.16	3.45	0.04
8000	23.50	different	-9.76	2.71	-3.30	-3.16	3.45	0.04
8200	33.50	xtal-xtal	-8.48	-0.38	-3.62	-3.45	2.91	0.07
8200	55.50	bio-bio	-8.48	-0.38	-3.62	-3.45	2.91	0.07
8200	6.00	xtal-bio	-8.48	-0.38	-3.62	-3.45	2.91	0.07
8200	5.00	bio-xtal	-8.48	-0.38	-3.62	-3.45	2.91	0.07
8200	89.00	same	-8.48	-0.38	-3.62	-3.45	2.91	0.07
8200	11.00	different	-8.48	-0.38	-3.62	-3.45	2.91	0.07
8400	33.00	xtal-xtal	-9.02	3.24	-3.59	-2.19	4.53	0.26
8400	53.00	bio-bio	-9.02	3.24	-3.59	-2.19	4.53	0.26
8400	7.00	xtal-bio	-9.02	3.24	-3.59	-2.19	4.53	0.26
8400	7.00	bio-xtal	-9.02	3.24	-3.59	-2.19	4.53	0.26
8400	86.00	same	-9.02	3.24	-3.59	-2.19	4.53	0.26
8400	14.00	different	-9.02	3.24	-3.59	-2.19	4.53	0.26
8600	34.00	xtal-xtal	-11.86	4.23	-3.75	-2.92	3.45	0.32
8600	54.50	bio-bio	-11.86	4.23	-3.75	-2.92	3.45	0.32
8600	7.00	xtal-bio	-11.86	4.23	-3.75	-2.92	3.45	0.32
8600	4.50	bio-xtal	-11.86	4.23	-3.75	-2.92	3.45	0.32
8600	88.50	same	-11.86	4.23	-3.75	-2.92	3.45	0.32
8600	11.50	different	-11.86	4.23	-3.75	-2.92	3.45	0.32
8800	34.50	xtal-xtal	-8.58	4.69	-3.75	-2.54	5.63	0.17
8800	51.50	bio-bio	-8.58	4.69	-3.75	-2.54	5.63	0.17
8800	9.50	xtal-bio	-8.58	4.69	-3.75	-2.54	5.63	0.17
8800	4.50	bio-xtal	-8.58	4.69	-3.75	-2.54	5.63	0.17
8800	86.00	same	-8.58	4.69	-3.75	-2.54	5.63	0.17
8800	14.00	different	-8.58	4.69	-3.75	-2.54	5.63	0.17
9000	35.50	xtal-xtal	-12.17	4.57	-3.98	-3.09	3.82	0.17
9000	56.00	bio-bio	-12.17	4.57	-3.98	-3.09	3.82	0.17
9000	6.50	xtal-bio	-12.17	4.57	-3.98	-3.09	3.82	0.17
9000	2.00	bio-xtal	-12.17	4.57	-3.98	-3.09	3.82	0.17
9000	91.50	same	-12.17	4.57	-3.98	-3.09	3.82	0.17
9000	8.50	different	-12.17	4.57	-3.98	-3.09	3.82	0.17
9200	33.00	xtal-xtal	-7.46	5.49	-4.91	-2.82	4.50	0.16
9200	56.50	bio-bio	-7.46	5.49	-4.91	-2.82	4.50	0.16
9200	5.00	xtal-bio	-7.46	5.49	-4.91	-2.82	4.50	0.16
9200	5.50	bio-xtal	-7.46	5.49	-4.91	-2.82	4.50	0.16
9200	89.50	same	-7.46	5.49	-4.91	-2.82	4.50	0.16
9200	10.50	different	-7.46	5.49	-4.91	-2.82	4.50	0.16
9400	36.50	xtal-xtal	-8.59	4.31	-4.13	-3.00	2.97	0.53
9400	52.00	bio-bio	-8.59	4.31	-4.13	-3.00	2.97	0.53
9400	6.00	xtal-bio	-8.59	4.31	-4.13	-3.00	2.97	0.53
9400	5.50	bio-xtal	-8.59	4.31	-4.13	-3.00	2.97	0.53
9400	88.50	same	-8.59	4.31	-4.13	-3.00	2.97	0.53
9400	11.50	different	-8.59	4.31	-4.13	-3.00	2.97	0.53
9600	29.00	xtal-xtal	-7.51	5.41	-3.63	-3.28	3.00	-0.10
9600	56.50	bio-bio	-7.51	5.41	-3.63	-3.28	3.00	-0.10
9600	6.50	xtal-bio	-7.51	5.41	-3.63	-3.28	3.00	-0.10
9600	8.00	bio-xtal	-7.51	5.41	-3.63	-3.28	3.00	-0.10
9600	85.50	same	-7.51	5.41	-3.63	-3.28	3.00	-0.10
9600	14.50	different	-7.51	5.41	-3.63	-3.28	3.00	-0.10
9800	37.00	xtal-xtal	-8.28	5.09	-3.26	-3.12	11.67	0.32
9800	52.00	bio-bio	-8.28	5.09	-3.26	-3.12	11.67	0.32
9800	6.50	xtal-bio	-8.28	5.09	-3.26	-3.12	11.67	0.32
9800	4.50	bio-xtal	-8.28	5.09	-3.26	-3.12	11.67	0.32
9800	89.00	same	-8.28	5.09	-3.26	-3.12	11.67	0.32
9800	11.00	different	-8.28	5.09	-3.26	-3.12	11.67	0.32
10000	33.50	xtal-xtal	-6.91	5.34	-3.52	-3.66	3.72	0.09
10000	55.00	bio-bio	-6.91	5.34	-3.52	-3.66	3.72	0.09
10000	5.50	xtal-bio	-6.91	5.34	-3.52	-3.66	3.72	0.09
10000	6.00	bio-xtal	-6.91	5.34	-3.52	-3.66	3.72	0.09
10000	88.50	same	-6.91	5.34	-3.52	-3.66	3.72	0.09
10000	11.50	different	-6.91	5.34	-3.52	-3.66	3.72	0.09
10200	37.00	xtal-xtal	-10.05	6.01	-3.41	-4.50	4.54	0.18
10200	40.50	bio-bio	-10.05	6.01	-3.41	-4.50	4.54	0.18
10200	7.00	xtal-bio	-10.05	6.01	-3.41	-4.50	4.54	0.18
10200	15.50	bio-xtal	-10.05	6.01	-3.41	-4.50	4.54	0.18
10200	77.50	same	-10.05	6.01	-3.41	-4.50	4.54	0.18
10200	22.50	different	-10.05	6.01	-3.41	-4.50	4.54	0.18
10400	34.00	xtal-xtal	-6.82	5.31	-2.85	-3.25	3.38	0.09
10400	49.50	bio-bio	-6.82	5.31	-2.85	-3.25	3.38	0.09
10400	11.00	xtal-bio	-6.82	5.31	-2.85	-3.25	3.38	0.09
10400	5.50	bio-xtal	-6.82	5.31	-2.85	-3.25	3.38	0.09
10400	83.50	same	-6.82	5.31	-2.85	-3.25	3.38	0.09
10400	16.50	different	-6.82	5.31	-2.85	-3.25	3.38	0.09
10600	37.00	xtal-xtal	-8.21	5.49	-2.87	-3.39	2.73	0.24
10600	48.00	bio-bio	-8.21	5.49	-2.87	-3.39	2.73	0.24
10600	10.00	xtal-bio	-8.21	5.49	-2.87	-3.39	2.73	0.24
10600	5.00	bio-xtal	-8.21	5.49	-2.87	-3.39	2.73	0.24
10600	85.00	same	-8.21	5.49	-2.87	-3.39	2.73	0.24
10600	15.00	different	-8.21	5.49	-2.87	-3.39	2.73	0.24
10800	40.00	xtal-xtal	-7.36	3.37	-3.27	-4.50	3.82	0.34
10800	43.50	bio-bio	-7.36	3.37	-3.27	-4.50	3.82	0.34
10800	10.00	xtal-bio	-7.36	3.37	-3.27	-4.50	3.82	0.34
10800	6.50	bio-xtal	-7.36	3.37	-3.27	-4.50	3.82	0.34
10800	83.50	same	-7.36	3.37	-3.27	-4.50	3.82	0.34
10800	16.50	different	-7.36	3.37	-3.27	-4.50	3.82	0.34
11000	31.00	xtal-xtal	-9.40	5.00	-3.42	-5.58	3.53	0.00
11000	52.00	bio-bio	-9.40	5.00	-3.42	-5.58	3.53	0.00
11000	10.00	xtal-bio	-9.40	5.00	-3.42	-5.58	3.53	0.00
11000	7.00	bio-xtal	-9.40	5.00	-3.42	-5.58	3.53	0.00
11000	83.00	same	-9.40	5.00	-3.42	-5.58	3.53	0.00
11000	17.00	different	-9.40	5.00	-3.42	-5.58	3.53	0.00
11200	32.50	xtal-xtal	-6.96	3.27	-3.83	-3.30	4.12	0.13
11200	53.00	bio-bio	-6.96	3.27	-3.83	-3.30	4.12	0.13
11200	6.50	xtal-bio	-6.96	3.27	-3.83	-3.30	4.12	0.13
11200	8.00	bio-xtal	-6.96	3.27	-3.83	-3.30	4.12	0.13
11200	85.50	same	-6.96	3.27	-3.83	-3.30	4.12	0.13
11200	14.50	different	-6.96	3.27	-3.83	-3.30	4.12	0.13
11400	36.00	xtal-xtal	-9.93	0.69	-3.93	-5.04	3.05	0.15
11400	49.00	bio-bio	-9.93	0.69	-3.93	-5.04	3.05	0.15
11400	7.00	xtal-bio	-9.93	0.69	-3.93	-5.04	3.05	0.15
11400	8.00	bio-xtal	-9.93	0.69	-3.93	-5.04	3.05	0.15
11400	85.00	same	-9.93	0.69	-3.93	-5.04	3.05	0.15
11400	15.00	different	-9.93	0.69	-3.93	-5.04	3.05	0.15
11600	32.50	xtal-xtal	-8.40	6.95	-3.72	-4.59	2.98	0.01
11600	54.50	bio-bio	-8.40	6.95	-3.72	-4.59	2.98	0.01
11600	6.50	xtal-bio	-8.40	6.95	-3.72	-4.59	2.98	0.01
11600	6.50	bio-xtal	-8.40	6.95	-3.72	-4.59	2.98	0.01
11600	87.00	same	-8.40	6.95	-3.72	-4.59	2.98	0.01
11600	13.00	different	-8.40	6.95	-3.72	-4.59	2.98	0.01
11800	33.50	xtal-xtal	-9.06	-0.19	-3.68	-6.32	3.00	-0.04
11800	50.50	bio-bio	-9.06	-0.19	-3.68	-6.32	3.00	-0.04
11800	6.00	xtal-bio	-9.06	-0.19	-3.68	-6.32	3.00	-0.04
11800	10.00	bio-xtal	-9.06	-0.19	-3.68	-6.32	3.00	-0.04
11800	84.00	same	-9.06	-0.19	-3.68	-6.32	3.00	-0.04
11800	16.00	different	-9.06	-0.19	-3.68	-6.32	3.00	-0.04
12000	38.00	xtal-xtal	-9.61	-0.14	-3.49	-5.07	2.95	0.10
12000	54.00	bio-bio	-9.61	-0.14	-3.49	-5.07	2.95	0.10
12000	2.50	xtal-bio	-9.61	-0.14	-3.49	-5.07	2.95	0.10
12000	5.50	bio-xtal	-9.61	-0.14	-3.49	-5.07	2.95	0.10
12000	92.00	same	-9.61	-0.14	-3.49	-5.07	2.95	0.10
12000	8.00	different	-9.61	-0.14	-3.49	-5.07	2.95	0.10
12200	35.50	xtal-xtal	-6.87	1.01	-3.38	-5.65	3.10	0.04
12200	53.00	bio-bio	-6.87	1.01	-3.38	-5.65	3.10	0.04
12200	5.00	xtal-bio	-6.87	1.01	-3.38	-5.65	3.10	0.04
12200	6.50	bio-xtal	-6.87	1.01	-3.38	-5.65	3.10	0.04
12200	88.50	same	-6.87	1.01	-3.38	-5.65	3.10	0.04
12200	11.50	different	-6.87	1.01	-3.38	-5.65	3.10	0.04
12400	34.50	xtal-xtal	-8.94	0.53	-3.81	-6.34	2.81	-0.01
12400	46.00	bio-bio	-8.94	0.53	-3.81	-6.34	2.81	-0.01
12400	3.50	xtal-bio	-8.94	0.53	-3.81	-6.34	2.81	-0.01
12400	16.00	bio-xtal	-8.94	0.53	-3.81	-6.34	2.81	-0.01
12400	80.50	same	-8.94	0.53	-3.81	-6.34	2.81	-0.01
12400	19.50	different	-8.94	0.53	-3.81	-6.34	2.81	-0.01
12600	32.50	xtal-xtal	-9.01	0.66	-3.81	-4.23	3.80	-0.09
12600	50.50	bio-bio	-9.01	0.66	-3.81	-4.23	3.80	-0.09
12600	7.50	xtal-bio	-9.01	0.66	-3.81	-4.23	3.80	-0.09
12600	9.50	bio-xtal	-9.01	0.66	-3.81	-4.23	3.80	-0.09
12600	83.00	same	-9.01	0.66	-3.81	-4.23	3.80	-0.09
12600	17.00	different	-9.01	0.66	-3.81	-4.23	3.80	-0.09
12800	38.00	xtal-xtal	-7.77	0.80	-3.77	-4.52	2.99	0.27
12800	52.00	bio-bio	-7.77	0.80	-3.77	-4.52	2.99	0.27
12800	6.50	xtal-bio	-7.77	0.80	-3.77	-4.52	2.99	0.27
12800	3.50	bio-xtal	-7.77	0.80	-3.77	-4.52	2.99	0.27
12800	90.00	same	-7.77	0.80	-3.77	-4.52	2.99	0.27
12800	10.00	different	-7.77	0.80	-3.77	-4.52	2.99	0.27
13000	35.50	xtal-xtal	-8.71	0.76	-4.06	-7.95	4.16	0.00
13000	53.00	bio-bio	-8.71	0.76	-4.06	-7.95	4.16	0.00
13000	5.00	xtal-bio	-8.71	0.76	-4.06	-7.95	4.16	0.00
13000	6.50	bio-xtal	-8.71	0.76	-4.06	-7.95	4.16	0.00
13000	88.50	same	-8.71	0.76	-4.06	-7.95	4.16	0.00
13000	11.50	different	-8.71	0.76	-4.06	-7.95	4.16	0.00
13200	35.00	xtal-xtal	-7.91	0.75	-3.66	-6.13	3.01	-0.01
13200	52.00	bio-bio	-7.91	0.75	-3.66	-6.13	3.01	-0.01
13200	8.50	xtal-bio	-7.91	0.75	-3.66	-6.13	3.01	-0.01
13200	4.50	bio-xtal	-7.91	0.75	-3.66	-6.13	3.01	-0.01
13200	87.00	same	-7.91	0.75	-3.66	-6.13	3.01	-0.01
13200	13.00	different	-7.91	0.75	-3.66	-6.13	3.01	-0.01
13400	34.00	xtal-xtal	-7.32	0.76	-3.70	-5.12	3.25	0.03
13400	55.00	bio-bio	-7.32	0.76	-3.70	-5.12	3.25	0.03
13400	7.00	xtal-bio	-7.32	0.76	-3.70	-5.12	3.25	0.03
13400	4.00	bio-xtal	-7.32	0.76	-3.70	-5.12	3.25	0.03
13400	89.00	same	-7.32	0.76	-3.70	-5.12	3.25	0.03
13400	11.00	different	-7.32	0.76	-3.70	-5.12	3.25	0.03
13600	33.00	xtal-xtal	-8.13	0.02	-3.46	-7.85	3.53	-0.02
13600	54.50	bio-bio	-8.13	0.02	-3.46	-7.85	3.53	-0.02
13600	5.50	xtal-bio	-8.13	0.02	-3.46	-7.85	3.53	-0.02
13600	7.00	bio-xtal	-8.13	0.02	-3.46	-7.85	3.53	-0.02
13600	87.50	same	-8.13	0.02	-3.46	-7.85	3.53	-0.02
13600	12.50	different	-8.13	0.02	-3.46	-7.85	3.53	-0.02
13800	36.00	xtal-xtal	-7.95	0.36	-3.82	-3.24	3.45	0.16
13800	54.00	bio-bio	-7.95	0.36	-3.82	-3.24	3.45	0.16
13800	4.00	xtal-bio	-7.95	0.36	-3.82	-3.24	3.45	0.16
13800	6.00	bio-xtal	-7.95	0.36	-3.82	-3.24	3.45	0.16
13800	90.00	same	-7.95	0.36	-3.82	-3.24	3.45	0.16
13800	10.00	different	-7.95	0.36	-3.82	-3.24	3.45	0.16
14000	35.50	xtal-xtal	-5.81	0.58	-3.66	-5.13	4.11	-0.03
14000	53.00	bio-bio	-5.81	0.58	-3.66	-5.13	4.11	-0.03
14000	4.00	xtal-bio	-5.81	0.58	-3.66	-5.13	4.11	-0.03
14000	7.50	bio-xtal	-5.81	0.58	-3.66	-5.13	4.11	-0.03
14000	88.50	same	-5.81	0.58	-3.66	-5.13	4.11	-0.03
14000	11.50	different	-5.81	0.58	-3.66	-5.13	4.11	-0.03
14200	34.50	xtal-xtal	-8.21	5.87	-3.43	-5.12	3.61	0.01
14200	55.00	bio-bio	-8.21	5.87	-3.43	-5.12	3.61	0.01
14200	5.00	xtal-bio	-8.21	5.87	-3.43	-5.12	3.61	0.01
14200	5.50	bio-xtal	-8.21	5.87	-3.43	-5.12	3.61	0.01
14200	89.50	same	-8.21	5.87	-3.43	-5.12	3.61	0.01
14200	10.50	different	-8.21	5.87	-3.43	-5.12	3.61	0.01
14400	34.50	xtal-xtal	-8.52	-0.26	-3.49	-5.15	3.52	0.03
14400	51.50	bio-bio	-8.52	-0.26	-3.49	-5.15	3.52	0.03
14400	7.00	xtal-bio	-8.52	-0.26	-3.49	-5.15	3.52	0.03
14400	7.00	bio-xtal	-8.52	-0.26	-3.49	-5.15	3.52	0.03
14400	86.00	same	-8.52	-0.26	-3.49	-5.15	3.52	0.03
14400	14.00	different	-8.52	-0.26	-3.49	-5.15	3.52	0.03
14600	33.00	xtal-xtal	-9.38	-1.77	-3.83	-6.36	4.11	0.02
14600	54.00	bio-bio	-9.38	-1.77	-3.83	-6.36	4.11	0.02
14600	5.50	xtal-bio	-9.38	-1.77	-3.83	-6.36	4.11	0.02
14600	7.50	bio-xtal	-9.38	-1.77	-3.83	-6.36	4.11	0.02
14600	87.00	same	-9.38	-1.77	-3.83	-6.36	4.11	0.02
14600	13.00	different	-9.38	-1.77	-3.83	-6.36	4.11	0.02
14800	37.50	xtal-xtal	-6.46	0.48	-3.54	-3.85	4.25	0.27
14800	52.50	bio-bio	-6.46	0.48	-3.54	-3.85	4.25	0.27
14800	5.50	xtal-bio	-6.46	0.48	-3.54	-3.85	4.25	0.27
14800	4.50	bio-xtal	-6.46	0.48	-3.54	-3.85	4.25	0.27
14800	90.00	same	-6.46	0.48	-3.54	-3.85	4.25	0.27
14800	10.00	different	-6.46	0.48	-3.54	-3.85	4.25	0.27
15000	31.00	xtal-xtal	-7.23	2.20	-3.38	-6.84	2.86	-0.30
15000	52.50	bio-bio	-7.23	2.20	-3.38	-6.84	2.86	-0.30
15000	7.50	xtal-bio	-7.23	2.20	-3.38	-6.84	2.86	-0.30
15000	9.00	bio-xtal	-7.23	2.20	-3.38	-6.84	2.86	-0.30
15000	83.50	same	-7.23	2.20	-3.38	-6.84	2.86	-0.30
15000	16.50	different	-7.23	2.20	-3.38	-6.84	2.86	-0.30
15200	32.00	xtal-xtal	-6.60	-0.61	-3.69	-5.34	3.87	0.24
15200	54.00	bio-bio	-6.60	-0.61	-3.69	-5.34	3.87	0.24
15200	6.00	xtal-bio	-6.60	-0.61	-3.69	-5.34	3.87	0.24
15200	8.00	bio-xtal	-6.60	-0.61	-3.69	-5.34	3.87	0.24
15200	86.00	same	-6.60	-0.61	-3.69	-5.34	3.87	0.24
15200	14.00	different	-6.60	-0.61	-3.69	-5.34	3.87	0.24
15400	32.00	xtal-xtal	-7.09	0.26	-3.52	-8.64	3.64	-0.28
15400	51.50	bio-bio	-7.09	0.26	-3.52	-8.64	3.64	-0.28
15400	6.50	xtal-bio	-7.09	0.26	-3.52	-8.64	3.64	-0.28
15400	10.00	bio-xtal	-7.09	0.26	-3.52	-8.64	3.64	-0.28
15400	83.50	same	-7.09	0.26	-3.52	-8.64	3.64	-0.28
15400	16.50	different	-7.09	0.26	-3.52	-8.64	3.64	-0.28
15600	35.00	xtal-xtal	-8.52	0.39	-3.52	-5.20	4.43	0.02
15600	54.50	bio-bio	-8.52	0.39	-3.52	-5.20	4.43	0.02
15600	6.00	xtal-bio	-8.52	0.39	-3.52	-5.20	4.43	0.02
15600	4.50	bio-xtal	-8.52	0.39	-3.52	-5.20	4.43	0.02
15600	89.50	same	-8.52	0.39	-3.52	-5.20	4.43	0.02
15600	10.50	different	-8.52	0.39	-3.52	-5.20	4.43	0.02
15800	28.50	xtal-xtal	-7.61	2.54	-3.82	-5.19	3.62	-0.29
15800	58.00	bio-bio	-7.61	2.54	-3.82	-5.19	3.62	-0.29
15800	7.00	xtal-bio	-7.61	2.54	-3.82	-5.19	3.62	-0.29
15800	6.50	bio-xtal	-7.61	2.54	-3.82	-5.19	3.62	-0.29
15800	86.50	same	-7.61	2.54	-3.82	-5.19	3.62	-0.29
15800	13.50	different	-7.61	2.54	-3.82	-5.19	3.62	-0.29
16000	29.00	xtal-xtal	-6.48	-0.60	-3.59	-5.84	2.78	-0.22
16000	57.00	bio-bio	-6.48	-0.60	-3.59	-5.84	2.78	-0.22
16000	4.50	xtal-bio	-6.48	-0.60	-3.59	-5.84	2.78	-0.22
16000	9.50	bio-xtal	-6.48	-0.60	-3.59	-5.84	2.78	-0.22
16000	86.00	same	-6.48	-0.60	-3.59	-5.84	2.78	-0.22
16000	14.00	different	-6.48	-0.60	-3.59	-5.84	2.78	-0.22
16200	32.50	xtal-xtal	-7.60	0.76	-3.30	-9.42	2.62	-0.25
16200	50.50	bio-bio	-7.60	0.76	-3.30	-9.42	2.62	-0.25
16200	6.00	xtal-bio	-7.60	0.76	-3.30	-9.42	2.62	-0.25
16200	11.00	bio-xtal	-7.60	0.76	-3.30	-9.42	2.62	-0.25
16200	83.00	same	-7.60	0.76	-3.30	-9.42	2.62	-0.25
16200	17.00	different	-7.60	0.76	-3.30	-9.42	2.62	-0.25
16400	31.00	xtal-xtal	-11.43	6.66	-3.22	-8.36	4.78	-0.26
16400	53.50	bio-bio	-11.43	6.66	-3.22	-8.36	4.78	-0.26
16400	6.00	xtal-bio	-11.43	6.66	-3.22	-8.36	4.78	-0.26
16400	9.50	bio-xtal	-11.43	6.66	-3.22	-8.36	4.78	-0.26
16400	84.50	same	-11.43	6.66	-3.22	-8.36	4.78	-0.26
16400	15.50	different	-11.43	6.66	-3.22	-8.36	4.78	-0.26
16600	33.50	xtal-xtal	-7.31	1.78	-3.54	-7.48	4.52	0.08
16600	51.50	bio-bio	-7.31	1.78	-3.54	-7.48	4.52	0.08
16600	6.00	xtal-bio	-7.31	1.78	-3.54	-7.48	4.52	0.08
16600	9.00	bio-xtal	-7.31	1.78	-3.54	-7.48	4.52	0.08
16600	85.00	same	-7.31	1.78	-3.54	-7.48	4.52	0.08
16600	15.00	different	-7.31	1.78	-3.54	-7.48	4.52	0.08
16800	28.00	xtal-xtal	-7.64	3.30	-3.19	-7.61	4.29	-0.31
16800	53.50	bio-bio	-7.64	3.30	-3.19	-7.61	4.29	-0.31
16800	10.00	xtal-bio	-7.64	3.30	-3.19	-7.61	4.29	-0.31
16800	8.50	bio-xtal	-7.64	3.30	-3.19	-7.61	4.29	-0.31
16800	81.50	same	-7.64	3.30	-3.19	-7.61	4.29	-0.31
16800	18.50	different	-7.64	3.30	-3.19	-7.61	4.29	-0.31
17000	26.00	xtal-xtal	-6.40	1.92	-3.33	-8.57	4.23	-0.31
17000	55.50	bio-bio	-6.40	1.92	-3.33	-8.57	4.23	-0.31
17000	7.00	xtal-bio	-6.40	1.92	-3.33	-8.57	4.23	-0.31
17000	11.50	bio-xtal	-6.40	1.92	-3.33	-8.57	4.23	-0.31
17000	81.50	same	-6.40	1.92	-3.33	-8.57	4.23	-0.31
17000	18.50	different	-6.40	1.92	-3.33	-8.57	4.23	-0.31
17200	29.00	xtal-xtal	-6.45	2.80	-3.15	-7.60	4.86	0.13
17200	44.50	bio-bio	-6.45	2.80	-3.15	-7.60	4.86	0.13
17200	11.50	xtal-bio	-6.45	2.80	-3.15	-7.60	4.86	0.13
17200	15.00	bio-xtal	-6.45	2.80	-3.15	-7.60	4.86	0.13
17200	73.50	same	-6.45	2.80	-3.15	-7.60	4.86	0.13
17200	26.50	different	-6.45	2.80	-3.15	-7.60	4.86	0.13
17400	32.50	xtal-xtal	-6.40	1.00	-3.33	-5.61	3.78	-0.07
17400	51.50	bio-bio	-6.40	1.00	-3.33	-5.61	3.78	-0.07
17400	7.00	xtal-bio	-6.40	1.00	-3.33	-5.61	3.78	-0.07
17400	9.00	bio-xtal	-6.40	1.00	-3.33	-5.61	3.78	-0.07
17400	84.00	same	-6.40	1.00	-3.33	-5.61	3.78	-0.07
17400	16.00	different	-6.40	1.00	-3.33	-5.61	3.78	-0.07
17600	31.50	xtal-xtal	-14.61	2.04	-3.35	-6.33	3.68	-0.07
17600	55.50	bio-bio	-14.61	2.04	-3.35	-6.33	3.68	-0.07
17600	9.00	xtal-bio	-14.61	2.04	-3.35	-6.33	3.68	-0.07
17600	4.00	bio-xtal	-14.61	2.04	-3.35	-6.33	3.68	-0.07
17600	87.00	same	-14.61	2.04	-3.35	-6.33	3.68	-0.07
17600	13.00	different	-14.61	2.04	-3.35	-6.33	3.68	-0.07
17800	27.50	xtal-xtal	-7.18	0.74	-3.37	-9.89	3.89	-0.37
17800	56.50	bio-bio	-7.18	0.74	-3.37	-9.89	3.89	-0.37
17800	7.50	xtal-bio	-7.18	0.74	-3.37	-9.89	3.89	-0.37
17800	8.50	bio-xtal	-7.18	0.74	-3.37	-9.89	3.89	-0.37
17800	84.00	same	-7.18	0.74	-3.37	-9.89	3.89	-0.37
17800	16.00	different	-7.18	0.74	-3.37	-9.89	3.89	-0.37
18000	28.00	xtal-xtal	-14.65	0.87	-3.11	-6.07	2.78	-0.49
18000	54.00	bio-bio	-14.65	0.87	-3.11	-6.07	2.78	-0.49
18000	10.00	xtal-bio	-14.65	0.87	-3.11	-6.07	2.78	-0.49
18000	8.00	bio-xtal	-14.65	0.87	-3.11	-6.07	2.78	-0.49
18000	82.00	same	-14.65	0.87	-3.11	-6.07	2.78	-0.49
18000	18.00	different	-14.65	0.87	-3.11	-6.07	2.78	-0.49
18200	25.00	xtal-xtal	-6.91	1.77	-2.88	-6.43	3.99	-0.33
18200	54.00	bio-bio	-6.91	1.77	-2.88	-6.43	3.99	-0.33
18200	8.00	xtal-bio	-6.91	1.77	-2.88	-6.43	3.99	-0.33
18200	13.00	bio-xtal	-6.91	1.77	-2.88	-6.43	3.99	-0.33
18200	79.00	same	-6.91	1.77	-2.88	-6.43	3.99	-0.33
18200	21.00	different	-6.91	1.77	-2.88	-6.43	3.99	-0.33
18400	24.50	xtal-xtal	-12.58	0.30	-2.98	-7.23	4.78	-0.35
18400	55.50	bio-bio	-12.58	0.30	-2.98	-7.23	4.78	-0.35
18400	12.00	xtal-bio	-12.58	0.30	-2.98	-7.23	4.78	-0.35
18400	8.00	bio-xtal	-12.58	0.30	-2.98	-7.23	4.78	-0.35
18400	80.00	same	-12.58	0.30	-2.98	-7.23	4.78	-0.35
18400	20.00	different	-12.58	0.30	-2.98	-7.23	4.78	-0.35
18600	33.00	xtal-xtal	-7.06	2.44	-3.20	-5.17	5.42	-0.04
18600	53.00	bio-bio	-7.06	2.44	-3.20	-5.17	5.42	-0.04
18600	7.50	xtal-bio	-7.06	2.44	-3.20	-5.17	5.42	-0.04
18600	6.50	bio-xtal	-7.06	2.44	-3.20	-5.17	5.42	-0.04
18600	86.00	same	-7.06	2.44	-3.20	-5.17	5.42	-0.04
18600	14.00	different	-7.06	2.44	-3.20	-5.17	5.42	-0.04
18800	23.50	xtal-xtal	-7.19	1.31	-3.04	-7.10	3.76	-0.29
18800	59.00	bio-bio	-7.19	1.31	-3.04	-7.10	3.76	-0.29
18800	10.00	xtal-bio	-7.19	1.31	-3.04	-7.10	3.76	-0.29
18800	7.50	bio-xtal	-7.19	1.31	-3.04	-7.10	3.76	-0.29
18800	82.50	same	-7.19	1.31	-3.04	-7.10	3.76	-0.29
18800	17.50	different	-7.19	1.31	-3.04	-7.10	3.76	-0.29
19000	28.00	xtal-xtal	-6.54	1.10	-2.78	-5.17	2.64	-0.28
19000	57.50	bio-bio	-6.54	1.10	-2.78	-5.17	2.64	-0.28
19000	6.50	xtal-bio	-6.54	1.10	-2.78	-5.17	2.64	-0.28
19000	8.00	bio-xtal	-6.54	1.10	-2.78	-5.17	2.64	-0.28
19000	85.50	same	-6.54	1.10	-2.78	-5.17	2.64	-0.28
19000	14.50	different	-6.54	1.10	-2.78	-5.17	2.64	-0.28
19200	27.50	xtal-xtal	-8.22	2.43	-2.84	-5.16	2.76	-0.14
19200	56.50	bio-bio	-8.22	2.43	-2.84	-5.16	2.76	-0.14
19200	7.50	xtal-bio	-8.22	2.43	-2.84	-5.16	2.76	-0.14
19200	8.50	bio-xtal	-8.22	2.43	-2.84	-5.16	2.76	-0.14
19200	84.00	same	-8.22	2.43	-2.84	-5.16	2.76	-0.14
19200	16.00	different	-8.22	2.43	-2.84	-5.16	2.76	-0.14
19400	23.00	xtal-xtal	-7.84	2.95	-2.43	-5.51	2.84	-0.51
19400	58.00	bio-bio	-7.84	2.95	-2.43	-5.51	2.84	-0.51
19400	11.50	xtal-bio	-7.84	2.95	-2.43	-5.51	2.84	-0.51
19400	7.50	bio-xtal	-7.84	2.95	-2.43	-5.51	2.84	-0.51
19400	81.00	same	-7.84	2.95	-2.43	-5.51	2.84	-0.51
19400	19.00	different	-7.84	2.95	-2.43	-5.51	2.84	-0.51
19600	27.50	xtal-xtal	-9.04	2.45	-2.89	-7.93	2.63	-0.36
19600	54.50	bio-bio	-9.04	2.45	-2.89	-7.93	2.63	-0.36
19600	10.00	xtal-bio	-9.04	2.45	-2.89	-7.93	2.63	-0.36
19600	8.00	bio-xtal	-9.04	2.45	-2.89	-7.93	2.63	-0.36
19600	82.00	same	-9.04	2.45	-2.89	-7.93	2.63	-0.36
19600	18.00	different	-9.04	2.45	-2.89	-7.93	2.63	-0.36
19800	25.50	xtal-xtal	-7.26	4.39	-2.91	-5.12	4.13	-0.20
19800	57.00	bio-bio	-7.26	4.39	-2.91	-5.12	4.13	-0.20
19800	11.50	xtal-bio	-7.26	4.39	-2.91	-5.12	4.13	-0.20
19800	6.00	bio-xtal	-7.26	4.39	-2.91	-5.12	4.13	-0.20
19800	82.50	same	-7.26	4.39	-2.91	-5.12	4.13	-0.20
19800	17.50	different	-7.26	4.39	-2.91	-5.12	4.13	-0.20
20000	27.50	xtal-xtal	-6.41	3.09	-2.48	-5.43	3.66	-0.01
20000	53.00	bio-bio	-6.41	3.09	-2.48	-5.43	3.66	-0.01
20000	13.50	xtal-bio	-6.41	3.09	-2.48	-5.43	3.66	-0.01
20000	6.00	bio-xtal	-6.41	3.09	-2.48	-5.43	3.66	-0.01
20000	80.50	same	-6.41	3.09	-2.48	-5.43	3.66	-0.01
20000	19.50	different	-6.41	3.09	-2.48	-5.43	3.66	-0.01
20200	25.50	xtal-xtal	-6.17	2.10	-2.97	-5.43	2.89	-0.45
20200	59.50	bio-bio	-6.17	2.10	-2.97	-5.43	2.89	-0.45
20200	7.00	xtal-bio	-6.17	2.10	-2.97	-5.43	2.89	-0.45
20200	8.00	bio-xtal	-6.17	2.10	-2.97	-5.43	2.89	-0.45
20200	85.00	same	-6.17	2.10	-2.97	-5.43	2.89	-0.45
20200	15.00	different	-6.17	2.10	-2.97	-5.43	2.89	-0.45
20400	24.50	xtal-xtal	-5.98	2.89	-2.85	-5.35	3.19	-0.57
20400	61.00	bio-bio	-5.98	2.89	-2.85	-5.35	3.19	-0.57
20400	5.50	xtal-bio	-5.98	2.89	-2.85	-5.35	3.19	-0.57
20400	9.00	bio-xtal	-5.98	2.89	-2.85	-5.35	3.19	-0.57
20400	85.50	same	-5.98	2.89	-2.85	-5.35	3.19	-0.57
20400	14.50	different	-5.98	2.89	-2.85	-5.35	3.19	-0.57
20600	26.50	xtal-xtal	-9.19	1.77	-2.61	-5.09	3.14	-0.52
20600	57.00	bio-bio	-9.19	1.77	-2.61	-5.09	3.14	-0.52
20600	8.50	xtal-bio	-9.19	1.77	-2.61	-5.09	3.14	-0.52
20600	8.00	bio-xtal	-9.19	1.77	-2.61	-5.09	3.14	-0.52
20600	83.50	same	-9.19	1.77	-2.61	-5.09	3.14	-0.52
20600	16.50	different	-9.19	1.77	-2.61	-5.09	3.14	-0.52
20800	21.50	xtal-xtal	-7.61	4.51	-2.96	-5.74	3.92	-0.60
20800	60.00	bio-bio	-7.61	4.51	-2.96	-5.74	3.92	-0.60
20800	10.00	xtal-bio	-7.61	4.51	-2.96	-5.74	3.92	-0.60
20800	8.50	bio-xtal	-7.61	4.51	-2.96	-5.74	3.92	-0.60
20800	81.50	same	-7.61	4.51	-2.96	-5.74	3.92	-0.60
20800	18.50	different	-7.61	4.51	-2.96	-5.74	3.92	-0.60
21000	23.00	xtal-xtal	-8.06	0.95	-3.15	-4.61	2.85	-0.63
21000	62.00	bio-bio	-8.06	0.95	-3.15	-4.61	2.85	-0.63
21000	4.50	xtal-bio	-8.06	0.95	-3.15	-4.61	2.85	-0.63
21000	10.50	bio-xtal	-8.06	0.95	-3.15	-4.61	2.85	-0.63
21000	85.00	same	-8.06	0.95	-3.15	-4.61	2.85	-0.63
21000	15.00	different	-8.06	0.95	-3.15	-4.61	2.85	-0.63
21200	25.00	xtal-xtal	-7.79	2.25	-2.92	-7.03	3.76	-0.60
21200	57.00	bio-bio	-7.79	2.25	-2.92	-7.03	3.76	-0.60
21200	8.00	xtal-bio	-7.79	2.25	-2.92	-7.03	3.76	-0.60
21200	10.00	bio-xtal	-7.79	2.25	-2.92	-7.03	3.76	-0.60
21200	82.00	same	-7.79	2.25	-2.92	-7.03	3.76	-0.60
21200	18.00	different	-7.79	2.25	-2.92	-7.03	3.76	-0.60
21400	23.50	xtal-xtal	-7.73	0.93	-2.96	-5.76	4.01	-0.62
21400	60.50	bio-bio	-7.73	0.93	-2.96	-5.76	4.01	-0.62
21400	8.00	xtal-bio	-7.73	0.93	-2.96	-5.76	4.01	-0.62
21400	8.00	bio-xtal	-7.73	0.93	-2.96	-5.76	4.01	-0.62
21400	84.00	same	-7.73	0.93	-2.96	-5.76	4.01	-0.62
21400	16.00	different	-7.73	0.93	-2.96	-5.76	4.01	-0.62
21600	20.00	xtal-xtal	-7.61	0.78	-2.98	-5.09	3.02	-0.77
21600	64.50	bio-bio	-7.61	0.78	-2.98	-5.09	3.02	-0.77
21600	6.00	xtal-bio	-7.61	0.78	-2.98	-5.09	3.02	-0.77
21600	9.50	bio-xtal	-7.61	0.78	-2.98	-5.09	3.02	-0.77
21600	84.50	same	-7.61	0.78	-2.98	-5.09	3.02	-0.77
21600	15.50	different	-7.61	0.78	-2.98	-5.09	3.02	-0.77
21800	23.00	xtal-xtal	-7.71	3.73	-2.84	-2.94	2.68	-0.52
21800	61.50	bio-bio	-7.71	3.73	-2.84	-2.94	2.68	-0.52
21800	9.00	xtal-bio	-7.71	3.73	-2.84	-2.94	2.68	-0.52
21800	6.50	bio-xtal	-7.71	3.73	-2.84	-2.94	2.68	-0.52
21800	84.50	same	-7.71	3.73	-2.84	-2.94	2.68	-0.52
21800	15.50	different	-7.71	3.73	-2.84	-2.94	2.68	-0.52
22000	26.00	xtal-xtal	-7.49	3.95	-2.93	-5.15	4.14	-0.25
22000	56.50	bio-bio	-7.49	3.95	-2.93	-5.15	4.14	-0.25
22000	8.50	xtal-bio	-7.49	3.95	-2.93	-5.15	4.14	-0.25
22000	9.00	bio-xtal	-7.49	3.95	-2.93	-5.15	4.14	-0.25
22000	82.50	same	-7.49	3.95	-2.93	-5.15	4.14	-0.25
22000	17.50	different	-7.49	3.95	-2.93	-5.15	4.14	-0.25
22200	22.50	xtal-xtal	-8.95	1.56	-2.78	-4.45	4.96	-0.48
22200	55.50	bio-bio	-8.95	1.56	-2.78	-4.45	4.96	-0.48
22200	11.00	xtal-bio	-8.95	1.56	-2.78	-4.45	4.96	-0.48
22200	11.00	bio-xtal	-8.95	1.56	-2.78	-4.45	4.96	-0.48
22200	78.00	same	-8.95	1.56	-2.78	-4.45	4.96	-0.48
22200	22.00	different	-8.95	1.56	-2.78	-4.45	4.96	-0.48
22400	29.00	xtal-xtal	-7.42	2.37	-2.87	-5.13	3.09	-0.42
22400	57.00	bio-bio	-7.42	2.37	-2.87	-5.13	3.09	-0.42
22400	6.00	xtal-bio	-7.42	2.37	-2.87	-5.13	3.09	-0.42
22400	8.00	bio-xtal	-7.42	2.37	-2.87	-5.13	3.09	-0.42
22400	86.00	same	-7.42	2.37	-2.87	-5.13	3.09	-0.42
22400	14.00	different	-7.42	2.37	-2.87	-5.13	3.09	-0.42
22600	26.50	xtal-xtal	-5.81	2.24	-2.57	-8.75	3.03	-0.44
22600	54.50	bio-bio	-5.81	2.24	-2.57	-8.75	3.03	-0.44
22600	9.50	xtal-bio	-5.81	2.24	-2.57	-8.75	3.03	-0.44
22600	9.50	bio-xtal	-5.81	2.24	-2.57	-8.75	3.03	-0.44
22600	81.00	same	-5.81	2.24	-2.57	-8.75	3.03	-0.44
22600	19.00	different	-5.81	2.24	-2.57	-8.75	3.03	-0.44
22800	24.00	xtal-xtal	-7.64	2.95	-2.63	-3.15	2.82	-0.43
22800	56.50	bio-bio	-7.64	2.95	-2.63	-3.15	2.82	-0.43
22800	10.50	xtal-bio	-7.64	2.95	-2.63	-3.15	2.82	-0.43
22800	9.00	bio-xtal	-7.64	2.95	-2.63	-3.15	2.82	-0.43
22800	80.50	same	-7.64	2.95	-2.63	-3.15	2.82	-0.43
22800	19.50	different	-7.64	2.95	-2.63	-3.15	2.82	-0.43
23000	27.50	xtal-xtal	-9.75	2.36	-2.78	-3.32	2.42	-0.40
23000	54.50	bio-bio	-9.75	2.36	-2.78	-3.32	2.42	-0.40
23000	8.00	xtal-bio	-9.75	2.36	-2.78	-3.32	2.42	-0.40
23000	10.00	bio-xtal	-9.75	2.36	-2.78	-3.32	2.42	-0.40
23000	82.00	same	-9.75	2.36	-2.78	-3.32	2.42	-0.40
23000	18.00	different	-9.75	2.36	-2.78	-3.32	2.42	-0.40
23200	29.00	xtal-xtal	-5.99	2.32	-2.69	-7.33	3.21	-0.24
23200	51.00	bio-bio	-5.99	2.32	-2.69	-7.33	3.21	-0.24
23200	11.00	xtal-bio	-5.99	2.32	-2.69	-7.33	3.21	-0.24
23200	9.00	bio-xtal	-5.99	2.32	-2.69	-7.33	3.21	-0.24
23200	80.00	same	-5.99	2.32	-2.69	-7.33	3.21	-0.24
23200	20.00	different	-5.99	2.32	-2.69	-7.33	3.21	-0.24
23400	27.00	xtal-xtal	-7.56	2.87	-2.89	-5.21	3.93	-0.24
23400	57.50	bio-bio	-7.56	2.87	-2.89	-5.21	3.93	-0.24
23400	8.50	xtal-bio	-7.56	2.87	-2.89	-5.21	3.93	-0.24
23400	7.00	bio-xtal	-7.56	2.87	-2.89	-5.21	3.93	-0.24
23400	84.50	same	-7.56	2.87	-2.89	-5.21	3.93	-0.24
23400	15.50	different	-7.56	2.87	-2.89	-5.21	3.93	-0.24
23600	25.50	xtal-xtal	-10.07	2.51	-2.65	-6.02	3.17	-0.64
23600	56.50	bio-bio	-10.07	2.51	-2.65	-6.02	3.17	-0.64
23600	9.50	xtal-bio	-10.07	2.51	-2.65	-6.02	3.17	-0.64
23600	8.50	bio-xtal	-10.07	2.51	-2.65	-6.02	3.17	-0.64
23600	82.00	same	-10.07	2.51	-2.65	-6.02	3.17	-0.64
23600	18.00	different	-10.07	2.51	-2.65	-6.02	3.17	-0.64
23800	31.00	xtal-xtal	-6.33	2.90	-2.67	-3.07	3.87	-0.09
23800	58.00	bio-bio	-6.33	2.90	-2.67	-3.07	3.87	-0.09
23800	7.00	xtal-bio	-6.33	2.90	-2.67	-3.07	3.87	-0.09
23800	4.00	bio-xtal	-6.33	2.90	-2.67	-3.07	3.87	-0.09
23800	89.00	same	-6.33	2.90	-2.67	-3.07	3.87	-0.09
23800	11.00	different	-6.33	2.90	-2.67	-3.07	3.87	-0.09
24000	27.50	xtal-xtal	-6.71	2.29	-2.52	-2.98	3.30	-0.42
24000	59.00	bio-bio	-6.71	2.29	-2.52	-2.98	3.30	-0.42
24000	8.50	xtal-bio	-6.71	2.29	-2.52	-2.98	3.30	-0.42
24000	5.00	bio-xtal	-6.71	2.29	-2.52	-2.98	3.30	-0.42
24000	86.50	same	-6.71	2.29	-2.52	-2.98	3.30	-0.42
24000	13.50	different	-6.71	2.29	-2.52	-2.98	3.30	-0.42
24200	24.00	xtal-xtal	-5.98	2.28	-2.59	-3.47	3.00	-0.47
24200	61.50	bio-bio	-5.98	2.28	-2.59	-3.47	3.00	-0.47
24200	6.50	xtal-bio	-5.98	2.28	-2.59	-3.47	3.00	-0.47
24200	8.00	bio-xtal	-5.98	2.28	-2.59	-3.47	3.00	-0.47
24200	85.50	same	-5.98	2.28	-2.59	-3.47	3.00	-0.47
24200	14.50	different	-5.98	2.28	-2.59	-3.47	3.00	-0.47
24400	24.50	xtal-xtal	-6.57	1.90	-2.67	-3.56	3.07	-0.30
24400	58.50	bio-bio	-6.57	1.90	-2.67	-3.56	3.07	-0.30
24400	9.00	xtal-bio	-6.57	1.90	-2.67	-3.56	3.07	-0.30
24400	8.00	bio-xtal	-6.57	1.90	-2.67	-3.56	3.07	-0.30
24400	83.00	same	-6.57	1.90	-2.67	-3.56	3.07	-0.30
24400	17.00	different	-6.57	1.90	-2.67	-3.56	3.07	-0.30
24600	25.50	xtal-xtal	-5.81	2.74	-2.57	-3.47	4.90	-0.27
24600	53.00	bio-bio	-5.81	2.74	-2.57	-3.47	4.90	-0.27
24600	9.00	xtal-bio	-5.81	2.74	-2.57	-3.47	4.90	-0.27
24600	12.50	bio-xtal	-5.81	2.74	-2.57	-3.47	4.90	-0.27
24600	78.50	same	-5.81	2.74	-2.57	-3.47	4.90	-0.27
24600	21.50	different	-5.81	2.74	-2.57	-3.47	4.90	-0.27
24800	25.50	xtal-xtal	-7.19	2.49	-2.84	-3.14	2.85	-0.58
24800	63.50	bio-bio	-7.19	2.49	-2.84	-3.14	2.85	-0.58
24800	5.50	xtal-bio	-7.19	2.49	-2.84	-3.14	2.85	-0.58
24800	5.50	bio-xtal	-7.19	2.49	-2.84	-3.14	2.85	-0.58
24800	89.00	same	-7.19	2.49	-2.84	-3.14	2.85	-0.58
24800	11.00	different	-7.19	2.49	-2.84	-3.14	2.85	-0.58
25000	27.00	xtal-xtal	-7.27	2.51	-2.75	-3.15	3.48	-0.41
25000	59.50	bio-bio	-7.27	2.51	-2.75	-3.15	3.48	-0.41
25000	8.00	xtal-bio	-7.27	2.51	-2.75	-3.15	3.48	-0.41
25000	5.50	bio-xtal	-7.27	2.51	-2.75	-3.15	3.48	-0.41
25000	86.50	same	-7.27	2.51	-2.75	-3.15	3.48	-0.41
25000	13.50	different	-7.27	2.51	-2.75	-3.15	3.48	-0.41
25200	20.50	xtal-xtal	-7.36	3.62	-2.99	-3.45	2.86	-0.64
25200	62.00	bio-bio	-7.36	3.62	-2.99	-3.45	2.86	-0.64
25200	8.50	xtal-bio	-7.36	3.62	-2.99	-3.45	2.86	-0.64
25200	9.00	bio-xtal	-7.36	3.62	-2.99	-3.45	2.86	-0.64
25200	82.50	same	-7.36	3.62	-2.99	-3.45	2.86	-0.64
25200	17.50	different	-7.36	3.62	-2.99	-3.45	2.86	-0.64
25400	20.50	xtal-xtal	-5.38	-0.11	-2.86	-2.92	3.20	-0.64
25400	65.50	bio-bio	-5.38	-0.11	-2.86	-2.92	3.20	-0.64
25400	7.00	xtal-bio	-5.38	-0.11	-2.86	-2.92	3.20	-0.64
25400	7.00	bio-xtal	-5.38	-0.11	-2.86	-2.92	3.20	-0.64
25400	86.00	same	-5.38	-0.11	-2.86	-2.92	3.20	-0.64
25400	14.00	different	-5.38	-0.11	-2.86	-2.92	3.20	-0.64
25600	18.00	xtal-xtal	-6.83	1.64	-2.96	-3.97	3.11	-0.70
25600	61.50	bio-bio	-6.83	1.64	-2.96	-3.97	3.11	-0.70
25600	8.00	xtal-bio	-6.83	1.64	-2.96	-3.97	3.11	-0.70
25600	12.50	bio-xtal	-6.83	1.64	-2.96	-3.97	3.11	-0.70
25600	79.50	same	-6.83	1.64	-2.96	-3.97	3.11	-0.70
25600	20.50	different	-6.83	1.64	-2.96	-3.97	3.11	-0.70
25800	20.50	xtal-xtal	-6.50	2.90	-2.85	-4.14	4.95	-0.55
25800	66.00	bio-bio	-6.50	2.90	-2.85	-4.14	4.95	-0.55
25800	5.00	xtal-bio	-6.50	2.90	-2.85	-4.14	4.95	-0.55
25800	8.50	bio-xtal	-6.50	2.90	-2.85	-4.14	4.95	-0.55
25800	86.50	same	-6.50	2.90	-2.85	-4.14	4.95	-0.55
25800	13.50	different	-6.50	2.90	-2.85	-4.14	4.95	-0.55
26000	22.50	xtal-xtal	-6.10	-0.50	-2.97	-3.91	4.45	-0.60
26000	65.50	bio-bio	-6.10	-0.50	-2.97	-3.91	4.45	-0.60
26000	4.50	xtal-bio	-6.10	-0.50	-2.97	-3.91	4.45	-0.60
26000	7.50	bio-xtal	-6.10	-0.50	-2.97	-3.91	4.45	-0.60
26000	88.00	same	-6.10	-0.50	-2.97	-3.91	4.45	-0.60
26000	12.00	different	-6.10	-0.50	-2.97	-3.91	4.45	-0.60
26200	23.50	xtal-xtal	-8.59	1.55	-2.73	-3.45	2.83	-0.42
26200	63.00	bio-bio	-8.59	1.55	-2.73	-3.45	2.83	-0.42
26200	6.00	xtal-bio	-8.59	1.55	-2.73	-3.45	2.83	-0.42
26200	7.50	bio-xtal	-8.59	1.55	-2.73	-3.45	2.83	-0.42
26200	86.50	same	-8.59	1.55	-2.73	-3.45	2.83	-0.42
26200	13.50	different	-8.59	1.55	-2.73	-3.45	2.83	-0.42
26400	22.50	xtal-xtal	-5.19	1.92	-2.64	-5.16	4.21	-0.45
26400	54.50	bio-bio	-5.19	1.92	-2.64	-5.16	4.21	-0.45
26400	6.50	xtal-bio	-5.19	1.92	-2.64	-5.16	4.21	-0.45
26400	16.50	bio-xtal	-5.19	1.92	-2.64	-5.16	4.21	-0.45
26400	77.00	same	-5.19	1.92	-2.64	-5.16	4.21	-0.45
26400	23.00	different	-5.19	1.92	-2.64	-5.16	4.21	-0.45
26600	22.00	xtal-xtal	-6.82	4.35	-2.57	-4.09	2.89	-0.60
26600	59.50	bio-bio	-6.82	4.35	-2.57	-4.09	2.89	-0.60
26600	10.00	xtal-bio	-6.82	4.35	-2.57	-4.09	2.89	-0.60
26600	8.50	bio-xtal	-6.82	4.35	-2.57	-4.09	2.89	-0.60
26600	81.50	same	-6.82	4.35	-2.57	-4.09	2.89	-0.60
26600	18.50	different	-6.82	4.35	-2.57	-4.09	2.89	-0.60
26800	21.50	xtal-xtal	-5.89	2.73	-2.52	-3.58	3.24	-0.69
26800	58.50	bio-bio	-5.89	2.73	-2.52	-3.58	3.24	-0.69
26800	11.00	xtal-bio	-5.89	2.73	-2.52	-3.58	3.24	-0.69
26800	9.00	bio-xtal	-5.89	2.73	-2.52	-3.58	3.24	-0.69
26800	80.00	same	-5.89	2.73	-2.52	-3.58	3.24	-0.69
26800	20.00	different	-5.89	2.73	-2.52	-3.58	3.24	-0.69
27000	28.50	xtal-xtal	-6.47	2.72	-2.63	-4.07	4.00	-0.25
27000	52.50	bio-bio	-6.47	2.72	-2.63	-4.07	4.00	-0.25
27000	11.50	xtal-bio	-6.47	2.72	-2.63	-4.07	4.00	-0.25
27000	7.50	bio-xtal	-6.47	2.72	-2.63	-4.07	4.00	-0.25
27000	81.00	same	-6.47	2.72	-2.63	-4.07	4.00	-0.25
27000	19.00	different	-6.47	2.72	-2.63	-4.07	4.00	-0.25
27200	21.50	xtal-xtal	-6.45	2.62	-2.20	-3.35	3.21	-0.55
27200	57.50	bio-bio	-6.45	2.62	-2.20	-3.35	3.21	-0.55
27200	11.50	xtal-bio	-6.45	2.62	-2.20	-3.35	3.21	-0.55
27200	9.50	bio-xtal	-6.45	2.62	-2.20	-3.35	3.21	-0.55
27200	79.00	same	-6.45	2.62	-2.20	-3.35	3.21	-0.55
27200	21.00	different	-6.45	2.62	-2.20	-3.35	3.21	-0.55
27400	23.00	xtal-xtal	-6.76	1.88	-2.63	-4.10	5.25	-0.31
27400	58.00	bio-bio	-6.76	1.88	-2.63	-4.10	5.25	-0.31
27400	13.50	xtal-bio	-6.76	1.88	-2.63	-4.10	5.25	-0.31
27400	5.50	bio-xtal	-6.76	1.88	-2.63	-4.10	5.25	-0.31
27400	81.00	same	-6.76	1.88	-2.63	-4.10	5.25	-0.31
27400	19.00	different	-6.76	1.88	-2.63	-4.10	5.25	-0.31
27600	21.50	xtal-xtal	-5.50	2.60	-2.50	-3.59	4.75	-0.62
27600	60.00	bio-bio	-5.50	2.60	-2.50	-3.59	4.75	-0.62
27600	8.50	xtal-bio	-5.50	2.60	-2.50	-3.59	4.75	-0.62
27600	10.00	bio-xtal	-5.50	2.60	-2.50	-3.59	4.75	-0.62
27600	81.50	same	-5.50	2.60	-2.50	-3.59	4.75	-0.62
27600	18.50	different	-5.50	2.60	-2.50	-3.59	4.75	-0.62
27800	25.50	xtal-xtal	-6.06	1.31	-2.72	-2.97	3.17	-0.66
27800	60.50	bio-bio	-6.06	1.31	-2.72	-2.97	3.17	-0.66
27800	7.00	xtal-bio	-6.06	1.31	-2.72	-2.97	3.17	-0.66
27800	7.00	bio-xtal	-6.06	1.31	-2.72	-2.97	3.17	-0.66
27800	86.00	same	-6.06	1.31	-2.72	-2.97	3.17	-0.66
27800	14.00	different	-6.06	1.31	-2.72	-2.97	3.17	-0.66
28000	24.00	xtal-xtal	-8.28	2.03	-2.82	-4.42	4.42	-0.45
28000	57.50	bio-bio	-8.28	2.03	-2.82	-4.42	4.42	-0.45
28000	11.50	xtal-bio	-8.28	2.03	-2.82	-4.42	4.42	-0.45
28000	7.00	bio-xtal	-8.28	2.03	-2.82	-4.42	4.42	-0.45
28000	81.50	same	-8.28	2.03	-2.82	-4.42	4.42	-0.45
28000	18.50	different	-8.28	2.03	-2.82	-4.42	4.42	-0.45
28200	25.50	xtal-xtal	-6.54	-0.53	-2.78	-7.02	5.40	-0.28
28200	60.00	bio-bio	-6.54	-0.53	-2.78	-7.02	5.40	-0.28
28200	7.00	xtal-bio	-6.54	-0.53	-2.78	-7.02	5.40	-0.28
28200	7.50	bio-xtal	-6.54	-0.53	-2.78	-7.02	5.40	-0.28
28200	85.50	same	-6.54	-0.53	-2.78	-7.02	5.40	-0.28
28200	14.50	different	-6.54	-0.53	-2.78	-7.02	5.40	-0.28
28400	26.50	xtal-xtal	-6.73	3.17	-2.59	-3.86	3.45	-0.17
28400	57.00	bio-bio	-6.73	3.17	-2.59	-3.86	3.45	-0.17
28400	7.00	xtal-bio	-6.73	3.17	-2.59	-3.86	3.45	-0.17
28400	9.50	bio-xtal	-6.73	3.17	-2.59	-3.86	3.45	-0.17
28400	83.50	same	-6.73	3.17	-2.59	-3.86	3.45	-0.17
28400	16.50	different	-6.73	3.17	-2.59	-3.86	3.45	-0.17
28600	24.00	xtal-xtal	-6.49	0.23	-2.39	-3.49	4.45	-0.34
28600	60.50	bio-bio	-6.49	0.23	-2.39	-3.49	4.45	-0.34
28600	8.00	xtal-bio	-6.49	0.23	-2.39	-3.49	4.45	-0.34
28600	7.50	bio-xtal	-6.49	0.23	-2.39	-3.49	4.45	-0.34
28600	84.50	same	-6.49	0.23	-2.39	-3.49	4.45	-0.34
28600	15.50	different	-6.49	0.23	-2.39	-3.49	4.45	-0.34
28800	28.50	xtal-xtal	-6.63	3.24	-2.39	-4.94	3.15	-0.18
28800	57.50	bio-bio	-6.63	3.24	-2.39	-4.94	3.15	-0.18
28800	7.50	xtal-bio	-6.63	3.24	-2.39	-4.94	3.15	-0.18
28800	6.50	bio-xtal	-6.63	3.24	-2.39	-4.94	3.15	-0.18
28800	86.00	same	-6.63	3.24	-2.39	-4.94	3.15	-0.18
28800	14.00	different	-6.63	3.24	-2.39	-4.94	3.15	-0.18
29000	24.50	xtal-xtal	-6.12	1.33	-2.52	-3.18	3.31	-0.49
29000	60.50	bio-bio	-6.12	1.33	-2.52	-3.18	3.31	-0.49
29000	8.00	xtal-bio	-6.12	1.33	-2.52	-3.18	3.31	-0.49
29000	7.00	bio-xtal	-6.12	1.33	-2.52	-3.18	3.31	-0.49
29000	85.00	same	-6.12	1.33	-2.52	-3.18	3.31	-0.49
29000	15.00	different	-6.12	1.33	-2.52	-3.18	3.31	-0.49
29200	29.00	xtal-xtal	-5.63	3.16	-2.36	-5.18	2.59	-0.34
29200	50.50	bio-bio	-5.63	3.16	-2.36	-5.18	2.59	-0.34
29200	13.00	xtal-bio	-5.63	3.16	-2.36	-5.18	2.59	-0.34
29200	7.50	bio-xtal	-5.63	3.16	-2.36	-5.18	2.59	-0.34
29200	79.50	same	-5.63	3.16	-2.36	-5.18	2.59	-0.34
29200	20.50	different	-5.63	3.16	-2.36	-5.18	2.59	-0.34
29400	24.50	xtal-xtal	-8.69	3.71	-2.75	-3.84	4.25	-0.45
29400	59.00	bio-bio	-8.69	3.71	-2.75	-3.84	4.25	-0.45
29400	10.50	xtal-bio	-8.69	3.71	-2.75	-3.84	4.25	-0.45
29400	6.00	bio-xtal	-8.69	3.71	-2.75	-3.84	4.25	-0.45
29400	83.50	same	-8.69	3.71	-2.75	-3.84	4.25	-0.45
29400	16.50	different	-8.69	3.71	-2.75	-3.84	4.25	-0.45
29600	25.00	xtal-xtal	-6.14	3.09	-2.69	-3.20	3.27	-0.19
29600	57.00	bio-bio	-6.14	3.09	-2.69	-3.20	3.27	-0.19
29600	9.00	xtal-bio	-6.14	3.09	-2.69	-3.20	3.27	-0.19
29600	9.00	bio-xtal	-6.14	3.09	-2.69	-3.20	3.27	-0.19
29600	82.00	same	-6.14	3.09	-2.69	-3.20	3.27	-0.19
29600	18.00	different	-6.14	3.09	-2.69	-3.20	3.27	-0.19
29800	28.50	xtal-xtal	-5.74	2.94	-2.75	-3.67	3.81	-0.42
29800	57.00	bio-bio	-5.74	2.94	-2.75	-3.67	3.81	-0.42
29800	7.00	xtal-bio	-5.74	2.94	-2.75	-3.67	3.81	-0.42
29800	7.50	bio-xtal	-5.74	2.94	-2.75	-3.67	3.81	-0.42
29800	85.50	same	-5.74	2.94	-2.75	-3.67	3.81	-0.42
29800	14.50	different	-5.74	2.94	-2.75	-3.67	3.81	-0.42
30000	21.00	xtal-xtal	-8.64	1.03	-2.85	-3.58	3.26	-0.75
30000	60.50	bio-bio	-8.64	1.03	-2.85	-3.58	3.26	-0.75
30000	8.50	xtal-bio	-8.64	1.03	-2.85	-3.58	3.26	-0.75
30000	10.00	bio-xtal	-8.64	1.03	-2.85	-3.58	3.26	-0.75
30000	81.50	same	-8.64	1.03	-2.85	-3.58	3.26	-0.75
30000	18.50	different	-8.64	1.03	-2.85	-3.58	3.26	-0.75
30200	27.00	xtal-xtal	-5.70	3.27	-2.79	-4.22	3.10	-0.41
30200	60.50	bio-bio	-5.70	3.27	-2.79	-4.22	3.10	-0.41
30200	5.00	xtal-bio	-5.70	3.27	-2.79	-4.22	3.10	-0.41
30200	7.50	bio-xtal	-5.70	3.27	-2.79	-4.22	3.10	-0.41
30200	87.50	same	-5.70	3.27	-2.79	-4.22	3.10	-0.41
30200	12.50	different	-5.70	3.27	-2.79	-4.22	3.10	-0.41
30400	25.50	xtal-xtal	-5.91	5.46	-2.70	-4.85	3.20	-0.42
30400	57.50	bio-bio	-5.91	5.46	-2.70	-4.85	3.20	-0.42
30400	9.00	xtal-bio	-5.91	5.46	-2.70	-4.85	3.20	-0.42
30400	8.00	bio-xtal	-5.91	5.46	-2.70	-4.85	3.20	-0.42
30400	83.00	same	-5.91	5.46	-2.70	-4.85	3.20	-0.42
30400	17.00	different	-5.91	5.46	-2.70	-4.85	3.20	-0.42
30600	23.00	xtal-xtal	-6.08	2.48	-2.36	-4.36	3.94	-0.59
30600	56.00	bio-bio	-6.08	2.48	-2.36	-4.36	3.94	-0.59
30600	10.50	xtal-bio	-6.08	2.48	-2.36	-4.36	3.94	-0.59
30600	10.50	bio-xtal	-6.08	2.48	-2.36	-4.36	3.94	-0.59
30600	79.00	same	-6.08	2.48	-2.36	-4.36	3.94	-0.59
30600	21.00	different	-6.08	2.48	-2.36	-4.36	3.94	-0.59
30800	24.50	xtal-xtal	-6.03	0.50	-2.50	-4.96	2.83	-0.45
30800	55.50	bio-bio	-6.03	0.50	-2.50	-4.96	2.83	-0.45
30800	10.50	xtal-bio	-6.03	0.50	-2.50	-4.96	2.83	-0.45
30800	9.50	bio-xtal	-6.03	0.50	-2.50	-4.96	2.83	-0.45
30800	80.00	same	-6.03	0.50	-2.50	-4.96	2.83	-0.45
30800	20.00	different	-6.03	0.50	-2.50	-4.96	2.83	-0.45
31000	22.50	xtal-xtal	-5.08	2.05	-2.56	-3.83	3.86	-0.78
31000	56.50	bio-bio	-5.08	2.05	-2.56	-3.83	3.86	-0.78
31000	8.50	xtal-bio	-5.08	2.05	-2.56	-3.83	3.86	-0.78
31000	12.50	bio-xtal	-5.08	2.05	-2.56	-3.83	3.86	-0.78
31000	79.00	same	-5.08	2.05	-2.56	-3.83	3.86	-0.78
31000	21.00	different	-5.08	2.05	-2.56	-3.83	3.86	-0.78
31200	26.00	xtal-xtal	-6.26	0.45	-2.55	-3.94	2.93	-0.20
31200	56.00	bio-bio	-6.26	0.45	-2.55	-3.94	2.93	-0.20
31200	11.00	xtal-bio	-6.26	0.45	-2.55	-3.94	2.93	-0.20
31200	7.00	bio-xtal	-6.26	0.45	-2.55	-3.94	2.93	-0.20
31200	82.00	same	-6.26	0.45	-2.55	-3.94	2.93	-0.20
31200	18.00	different	-6.26	0.45	-2.55	-3.94	2.93	-0.20
31400	27.50	xtal-xtal	-8.95	1.96	-2.80	-3.62	3.36	-0.26
31400	58.50	bio-bio	-8.95	1.96	-2.80	-3.62	3.36	-0.26
31400	6.50	xtal-bio	-8.95	1.96	-2.80	-3.62	3.36	-0.26
31400	7.50	bio-xtal	-8.95	1.96	-2.80	-3.62	3.36	-0.26
31400	86.00	same	-8.95	1.96	-2.80	-3.62	3.36	-0.26
31400	14.00	different	-8.95	1.96	-2.80	-3.62	3.36	-0.26
31600	26.50	xtal-xtal	-5.72	1.94	-2.46	-4.13	3.54	-0.25
31600	58.00	bio-bio	-5.72	1.94	-2.46	-4.13	3.54	-0.25
31600	9.00	xtal-bio	-5.72	1.94	-2.46	-4.13	3.54	-0.25
31600	6.50	bio-xtal	-5.72	1.94	-2.46	-4.13	3.54	-0.25
31600	84.50	same	-5.72	1.94	-2.46	-4.13	3.54	-0.25
31600	15.50	different	-5.72	1.94	-2.46	-4.13	3.54	-0.25
31800	23.50	xtal-xtal	-4.97	2.51	-2.55	-3.53	2.71	-0.43
31800	56.50	bio-bio	-4.97	2.51	-2.55	-3.53	2.71	-0.43
31800	9.00	xtal-bio	-4.97	2.51	-2.55	-3.53	2.71	-0.43
31800	11.00	bio-xtal	-4.97	2.51	-2.55	-3.53	2.71	-0.43
31800	80.00	same	-4.97	2.51	-2.55	-3.53	2.71	-0.43
31800	20.00	different	-4.97	2.51	-2.55	-3.53	2.71	-0.43
32000	23.50	xtal-xtal	-5.79	0.76	-2.72	-3.74	3.59	-0.43
32000	57.50	bio-bio	-5.79	0.76	-2.72	-3.74	3.59	-0.43
32000	9.50	xtal-bio	-5.79	0.76	-2.72	-3.74	3.59	-0.43
32000	9.50	bio-xtal	-5.79	0.76	-2.72	-3.74	3.59	-0.43
32000	81.00	same	-5.79	0.76	-2.72	-3.74	3.59	-0.43
32000	19.00	different	-5.79	0.76	-2.72	-3.74	3.59	-0.43
32200	22.00	xtal-xtal	-9.96	1.73	-2.90	-4.25	2.89	-0.87
32200	60.50	bio-bio	-9.96	1.73	-2.90	-4.25	2.89	-0.87
32200	5.00	xtal-bio	-9.96	1.73	-2.90	-4.25	2.89	-0.87
32200	12.50	bio-xtal	-9.96	1.73	-2.90	-4.25	2.89	-0.87
32200	82.50	same	-9.96	1.73	-2.90	-4.25	2.89	-0.87
32200	17.50	different	-9.96	1.73	-2.90	-4.25	2.89	-0.87
32400	22.00	xtal-xtal	-11.10	2.78	-2.73	-3.68	5.36	-0.59
32400	56.50	bio-bio	-11.10	2.78	-2.73	-3.68	5.36	-0.59
32400	6.50	xtal-bio	-11.10	2.78	-2.73	-3.68	5.36	-0.59
32400	15.00	bio-xtal	-11.10	2.78	-2.73	-3.68	5.36	-0.59
32400	78.50	same	-11.10	2.78	-2.73	-3.68	5.36	-0.59
32400	21.50	different	-11.10	2.78	-2.73	-3.68	5.36	-0.59
32600	22.50	xtal-xtal	-7.39	4.13	-2.43	-3.96	4.63	-0.41
32600	57.00	bio-bio	-7.39	4.13	-2.43	-3.96	4.63	-0.41
32600	8.50	xtal-bio	-7.39	4.13	-2.43	-3.96	4.63	-0.41
32600	12.00	bio-xtal	-7.39	4.13	-2.43	-3.96	4.63	-0.41
32600	79.50	same	-7.39	4.13	-2.43	-3.96	4.63	-0.41
32600	20.50	different	-7.39	4.13	-2.43	-3.96	4.63	-0.41
32800	23.50	xtal-xtal	-8.41	6.23	-2.54	-3.45	3.09	-0.62
32800	53.00	bio-bio	-8.41	6.23	-2.54	-3.45	3.09	-0.62
32800	7.00	xtal-bio	-8.41	6.23	-2.54	-3.45	3.09	-0.62
32800	16.50	bio-xtal	-8.41	6.23	-2.54	-3.45	3.09	-0.62
32800	76.50	same	-8.41	6.23	-2.54	-3.45	3.09	-0.62
32800	23.50	different	-8.41	6.23	-2.54	-3.45	3.09	-0.62
33000	25.50	xtal-xtal	-5.37	1.48	-2.33	-3.73	3.00	-0.39
33000	48.00	bio-bio	-5.37	1.48	-2.33	-3.73	3.00	-0.39
33000	7.00	xtal-bio	-5.37	1.48	-2.33	-3.73	3.00	-0.39
33000	19.50	bio-xtal	-5.37	1.48	-2.33	-3.73	3.00	-0.39
33000	73.50	same	-5.37	1.48	-2.33	-3.73	3.00	-0.39
33000	26.50	different	-5.37	1.48	-2.33	-3.73	3.00	-0.39
33200	20.00	xtal-xtal	-10.58	2.62	-2.59	-4.52	3.32	-0.61
33200	58.00	bio-bio	-10.58	2.62	-2.59	-4.52	3.32	-0.61
33200	9.50	xtal-bio	-10.58	2.62	-2.59	-4.52	3.32	-0.61
33200	12.50	bio-xtal	-10.58	2.62	-2.59	-4.52	3.32	-0.61
33200	78.00	same	-10.58	2.62	-2.59	-4.52	3.32	-0.61
33200	22.00	different	-10.58	2.62	-2.59	-4.52	3.32	-0.61
33400	27.00	xtal-xtal	-7.90	1.73	-2.28	-3.68	3.42	-0.53
33400	54.50	bio-bio	-7.90	1.73	-2.28	-3.68	3.42	-0.53
33400	8.50	xtal-bio	-7.90	1.73	-2.28	-3.68	3.42	-0.53
33400	10.00	bio-xtal	-7.90	1.73	-2.28	-3.68	3.42	-0.53
33400	81.50	same	-7.90	1.73	-2.28	-3.68	3.42	-0.53
33400	18.50	different	-7.90	1.73	-2.28	-3.68	3.42	-0.53
33600	21.00	xtal-xtal	-11.22	3.55	-2.31	-4.55	3.92	-0.29
33600	54.50	bio-bio	-11.22	3.55	-2.31	-4.55	3.92	-0.29
33600	11.00	xtal-bio	-11.22	3.55	-2.31	-4.55	3.92	-0.29
33600	13.50	bio-xtal	-11.22	3.55	-2.31	-4.55	3.92	-0.29
33600	75.50	same	-11.22	3.55	-2.31	-4.55	3.92	-0.29
33600	24.50	different	-11.22	3.55	-2.31	-4.55	3.92	-0.29
33800	22.50	xtal-xtal	-6.41	-0.35	-2.51	-3.57	4.58	-0.38
33800	54.00	bio-bio	-6.41	-0.35	-2.51	-3.57	4.58	-0.38
33800	9.00	xtal-bio	-6.41	-0.35	-2.51	-3.57	4.58	-0.38
33800	14.50	bio-xtal	-6.41	-0.35	-2.51	-3.57	4.58	-0.38
33800	76.50	same	-6.41	-0.35	-2.51	-3.57	4.58	-0.38
33800	23.50	different	-6.41	-0.35	-2.51	-3.57	4.58	-0.38
34000	24.00	xtal-xtal	-12.13	2.36	-2.39	-4.39	3.96	-0.42
34000	50.00	bio-bio	-12.13	2.36	-2.39	-4.39	3.96	-0.42
34000	11.00	xtal-bio	-12.13	2.36	-2.39	-4.39	3.96	-0.42
34000	15.00	bio-xtal	-12.13	2.36	-2.39	-4.39	3.96	-0.42
34000	74.00	same	-12.13	2.36	-2.39	-4.39	3.96	-0.42
34000	26.00	different	-12.13	2.36	-2.39	-4.39	3.96	-0.42
34200	23.50	xtal-xtal	-6.36	6.76	-2.33	-3.89	2.96	-0.54
34200	53.50	bio-bio	-6.36	6.76	-2.33	-3.89	2.96	-0.54
34200	9.50	xtal-bio	-6.36	6.76	-2.33	-3.89	2.96	-0.54
34200	13.50	bio-xtal	-6.36	6.76	-2.33	-3.89	2.96	-0.54
34200	77.00	same	-6.36	6.76	-2.33	-3.89	2.96	-0.54
34200	23.00	different	-6.36	6.76	-2.33	-3.89	2.96	-0.54
34400	24.00	xtal-xtal	-6.46	6.10	-2.44	-4.02	3.13	-0.50
34400	55.00	bio-bio	-6.46	6.10	-2.44	-4.02	3.13	-0.50
34400	8.50	xtal-bio	-6.46	6.10	-2.44	-4.02	3.13	-0.50
34400	12.50	bio-xtal	-6.46	6.10	-2.44	-4.02	3.13	-0.50
34400	79.00	same	-6.46	6.10	-2.44	-4.02	3.13	-0.50
34400	21.00	different	-6.46	6.10	-2.44	-4.02	3.13	-0.50
34600	24.50	xtal-xtal	-5.02	8.93	-2.17	-3.89	4.26	-0.35
34600	51.50	bio-bio	-5.02	8.93	-2.17	-3.89	4.26	-0.35
34600	10.00	xtal-bio	-5.02	8.93	-2.17	-3.89	4.26	-0.35
34600	14.00	bio-xtal	-5.02	8.93	-2.17	-3.89	4.26	-0.35
34600	76.00	same	-5.02	8.93	-2.17	-3.89	4.26	-0.35
34600	24.00	different	-5.02	8.93	-2.17	-3.89	4.26	-0.35
34800	23.00	xtal-xtal	-6.97	3.05	-2.28	-3.98	2.98	-0.31
34800	54.50	bio-bio	-6.97	3.05	-2.28	-3.98	2.98	-0.31
34800	11.50	xtal-bio	-6.97	3.05	-2.28	-3.98	2.98	-0.31
34800	11.00	bio-xtal	-6.97	3.05	-2.28	-3.98	2.98	-0.31
34800	77.50	same	-6.97	3.05	-2.28	-3.98	2.98	-0.31
34800	22.50	different	-6.97	3.05	-2.28	-3.98	2.98	-0.31
35000	18.50	xtal-xtal	-9.21	2.72	-2.39	-3.96	2.90	-0.53
35000	58.50	bio-bio	-9.21	2.72	-2.39	-3.96	2.90	-0.53
35000	10.00	xtal-bio	-9.21	2.72	-2.39	-3.96	2.90	-0.53
35000	13.00	bio-xtal	-9.21	2.72	-2.39	-3.96	2.90	-0.53
35000	77.00	same	-9.21	2.72	-2.39	-3.96	2.90	-0.53
35000	23.00	different	-9.21	2.72	-2.39	-3.96	2.90	-0.53
35200	17.00	xtal-xtal	-8.22	1.45	-2.61	-4.26	5.20	-0.70
35200	67.00	bio-bio	-8.22	1.45	-2.61	-4.26	5.20	-0.70
35200	7.50	xtal-bio	-8.22	1.45	-2.61	-4.26	5.20	-0.70
35200	8.50	bio-xtal	-8.22	1.45	-2.61	-4.26	5.20	-0.70
35200	84.00	same	-8.22	1.45	-2.61	-4.26	5.20	-0.70
35200	16.00	different	-8.22	1.45	-2.61	-4.26	5.20	-0.70
35400	23.50	xtal-xtal	-10.15	1.22	-2.37	-4.37	3.65	-0.42
35400	60.00	bio-bio	-10.15	1.22	-2.37	-4.37	3.65	-0.42
35400	11.00	xtal-bio	-10.15	1.22	-2.37	-4.37	3.65	-0.42
35400	5.50	bio-xtal	-10.15	1.22	-2.37	-4.37	3.65	-0.42
35400	83.50	same	-10.15	1.22	-2.37	-4.37	3.65	-0.42
35400	16.50	different	-10.15	1.22	-2.37	-4.37	3.65	-0.42
35600	17.50	xtal-xtal	-10.07	2.83	-2.33	-4.13	3.03	-0.60
35600	58.00	bio-bio	-10.07	2.83	-2.33	-4.13	3.03	-0.60
35600	14.00	xtal-bio	-10.07	2.83	-2.33	-4.13	3.03	-0.60
35600	10.50	bio-xtal	-10.07	2.83	-2.33	-4.13	3.03	-0.60
35600	75.50	same	-10.07	2.83	-2.33	-4.13	3.03	-0.60
35600	24.50	different	-10.07	2.83	-2.33	-4.13	3.03	-0.60
35800	20.50	xtal-xtal	-8.24	1.29	-2.51	-4.53	2.79	-0.78
35800	61.50	bio-bio	-8.24	1.29	-2.51	-4.53	2.79	-0.78
35800	6.50	xtal-bio	-8.24	1.29	-2.51	-4.53	2.79	-0.78
35800	11.50	bio-xtal	-8.24	1.29	-2.51	-4.53	2.79	-0.78
35800	82.00	same	-8.24	1.29	-2.51	-4.53	2.79	-0.78
35800	18.00	different	-8.24	1.29	-2.51	-4.53	2.79	-0.78
36000	20.50	xtal-xtal	-4.84	4.20	-2.25	-4.19	3.25	-0.51
36000	52.50	bio-bio	-4.84	4.20	-2.25	-4.19	3.25	-0.51
36000	12.00	xtal-bio	-4.84	4.20	-2.25	-4.19	3.25	-0.51
36000	15.00	bio-xtal	-4.84	4.20	-2.25	-4.19	3.25	-0.51
36000	73.00	same	-4.84	4.20	-2.25	-4.19	3.25	-0.51
36000	27.00	different	-4.84	4.20	-2.25	-4.19	3.25	-0.51
36200	19.00	xtal-xtal	-4.89	2.15	-2.10	-4.66	3.35	-0.76
36200	57.00	bio-bio	-4.89	2.15	-2.10	-4.66	3.35	-0.76
36200	11.50	xtal-bio	-4.89	2.15	-2.10	-4.66	3.35	-0.76
36200	12.50	bio-xtal	-4.89	2.15	-2.10	-4.66	3.35	-0.76
36200	76.00	same	-4.89	2.15	-2.10	-4.66	3.35	-0.76
36200	24.00	different	-4.89	2.15	-2.10	-4.66	3.35	-0.76
36400	25.00	xtal-xtal	-4.33	2.25	-2.25	-4.12	3.99	-0.47
36400	58.00	bio-bio	-4.33	2.25	-2.25	-4.12	3.99	-0.47
36400	10.50	xtal-bio	-4.33	2.25	-2.25	-4.12	3.99	-0.47
36400	6.50	bio-xtal	-4.33	2.25	-2.25	-4.12	3.99	-0.47
36400	83.00	same	-4.33	2.25	-2.25	-4.12	3.99	-0.47
36400	17.00	different	-4.33	2.25	-2.25	-4.12	3.99	-0.47
36600	19.50	xtal-xtal	-4.89	2.06	-2.06	-3.67	4.88	-0.54
36600	53.00	bio-bio	-4.89	2.06	-2.06	-3.67	4.88	-0.54
36600	13.00	xtal-bio	-4.89	2.06	-2.06	-3.67	4.88	-0.54
36600	14.50	bio-xtal	-4.89	2.06	-2.06	-3.67	4.88	-0.54
36600	72.50	same	-4.89	2.06	-2.06	-3.67	4.88	-0.54
36600	27.50	different	-4.89	2.06	-2.06	-3.67	4.88	-0.54
36800	19.00	xtal-xtal	-4.30	3.30	-1.75	-3.67	3.06	-0.83
36800	52.50	bio-bio	-4.30	3.30	-1.75	-3.67	3.06	-0.83
36800	19.50	xtal-bio	-4.30	3.30	-1.75	-3.67	3.06	-0.83
36800	9.00	bio-xtal	-4.30	3.30	-1.75	-3.67	3.06	-0.83
36800	71.50	same	-4.30	3.30	-1.75	-3.67	3.06	-0.83
36800	28.50	different	-4.30	3.30	-1.75	-3.67	3.06	-0.83
37000	21.50	xtal-xtal	-5.82	2.81	-1.73	-3.63	3.46	-0.47
37000	49.00	bio-bio	-5.82	2.81	-1.73	-3.63	3.46	-0.47
37000	22.00	xtal-bio	-5.82	2.81	-1.73	-3.63	3.46	-0.47
37000	7.50	bio-xtal	-5.82	2.81	-1.73	-3.63	3.46	-0.47
37000	70.50	same	-5.82	2.81	-1.73	-3.63	3.46	-0.47
37000	29.50	different	-5.82	2.81	-1.73	-3.63	3.46	-0.47
37200	15.00	xtal-xtal	-5.35	3.74	-2.19	-4.13	4.82	-0.74
37200	58.00	bio-bio	-5.35	3.74	-2.19	-4.13	4.82	-0.74
37200	18.50	xtal-bio	-5.35	3.74	-2.19	-4.13	4.82	-0.74
37200	8.50	bio-xtal	-5.35	3.74	-2.19	-4.13	4.82	-0.74
37200	73.00	same	-5.35	3.74	-2.19	-4.13	4.82	-0.74
37200	27.00	different	-5.35	3.74	-2.19	-4.13	4.82	-0.74
37400	16.50	xtal-xtal	-6.13	4.27	-1.68	-4.36	4.50	-0.85
37400	55.50	bio-bio	-6.13	4.27	-1.68	-4.36	4.50	-0.85
37400	19.00	xtal-bio	-6.13	4.27	-1.68	-4.36	4.50	-0.85
37400	9.00	bio-xtal	-6.13	4.27	-1.68	-4.36	4.50	-0.85
37400	72.00	same	-6.13	4.27	-1.68	-4.36	4.50	-0.85
37400	28.00	different	-6.13	4.27	-1.68	-4.36	4.50	-0.85
37600	17.50	xtal-xtal	-5.45	2.71	-1.88	-4.51	3.74	-0.77
37600	59.50	bio-bio	-5.45	2.71	-1.88	-4.51	3.74	-0.77
37600	18.00	xtal-bio	-5.45	2.71	-1.88	-4.51	3.74	-0.77
37600	5.00	bio-xtal	-5.45	2.71	-1.88	-4.51	3.74	-0.77
37600	77.00	same	-5.45	2.71	-1.88	-4.51	3.74	-0.77
37600	23.00	different	-5.45	2.71	-1.88	-4.51	3.74	-0.77
37800	15.00	xtal-xtal	-5.11	2.22	-1.98	-3.98	2.60	-0.95
37800	57.00	bio-bio	-5.11	2.22	-1.98	-3.98	2.60	-0.95
37800	17.50	xtal-bio	-5.11	2.22	-1.98	-3.98	2.60	-0.95
37800	10.50	bio-xtal	-5.11	2.22	-1.98	-3.98	2.60	-0.95
37800	72.00	same	-5.11	2.22	-1.98	-3.98	2.60	-0.95
37800	28.00	different	-5.11	2.22	-1.98	-3.98	2.60	-0.95
38000	20.50	xtal-xtal	-5.60	3.71	-1.84	-4.60	3.78	-0.49
38000	49.00	bio-bio	-5.60	3.71	-1.84	-4.60	3.78	-0.49
38000	19.00	xtal-bio	-5.60	3.71	-1.84	-4.60	3.78	-0.49
38000	11.50	bio-xtal	-5.60	3.71	-1.84	-4.60	3.78	-0.49
38000	69.50	same	-5.60	3.71	-1.84	-4.60	3.78	-0.49
38000	30.50	different	-5.60	3.71	-1.84	-4.60	3.78	-0.49
38200	16.50	xtal-xtal	-5.66	2.41	-1.70	-4.02	1.70	-1.10
38200	57.50	bio-bio	-5.66	2.41	-1.70	-4.02	1.70	-1.10
38200	17.50	xtal-bio	-5.66	2.41	-1.70	-4.02	1.70	-1.10
38200	8.50	bio-xtal	-5.66	2.41	-1.70	-4.02	1.70	-1.10
38200	74.00	same	-5.66	2.41	-1.70	-4.02	1.70	-1.10
38200	26.00	different	-5.66	2.41	-1.70	-4.02	1.70	-1.10
38400	20.00	xtal-xtal	-4.33	0.60	-2.24	-5.16	3.72	-0.86
38400	62.50	bio-bio	-4.33	0.60	-2.24	-5.16	3.72	-0.86
38400	11.50	xtal-bio	-4.33	0.60	-2.24	-5.16	3.72	-0.86
38400	6.00	bio-xtal	-4.33	0.60	-2.24	-5.16	3.72	-0.86
38400	82.50	same	-4.33	0.60	-2.24	-5.16	3.72	-0.86
38400	17.50	different	-4.33	0.60	-2.24	-5.16	3.72	-0.86
38600	19.50	xtal-xtal	-4.99	3.20	-1.95	-4.00	2.79	-0.83
38600	57.00	bio-bio	-4.99	3.20	-1.95	-4.00	2.79	-0.83
38600	14.00	xtal-bio	-4.99	3.20	-1.95	-4.00	2.79	-0.83
38600	9.50	bio-xtal	-4.99	3.20	-1.95	-4.00	2.79	-0.83
38600	76.50	same	-4.99	3.20	-1.95	-4.00	2.79	-0.83
38600	23.50	different	-4.99	3.20	-1.95	-4.00	2.79	-0.83
38800	18.00	xtal-xtal	-5.31	2.15	-2.23	-4.02	5.42	-0.83
38800	63.00	bio-bio	-5.31	2.15	-2.23	-4.02	5.42	-0.83
38800	10.50	xtal-bio	-5.31	2.15	-2.23	-4.02	5.42	-0.83
38800	8.50	bio-xtal	-5.31	2.15	-2.23	-4.02	5.42	-0.83
38800	81.00	same	-5.31	2.15	-2.23	-4.02	5.42	-0.83
38800	19.00	different	-5.31	2.15	-2.23	-4.02	5.42	-0.83
39000	18.00	xtal-xtal	-5.46	1.50	-2.43	-4.14	3.22	-1.13
39000	64.50	bio-bio	-5.46	1.50	-2.43	-4.14	3.22	-1.13
39000	6.50	xtal-bio	-5.46	1.50	-2.43	-4.14	3.22	-1.13
39000	11.00	bio-xtal	-5.46	1.50	-2.43	-4.14	3.22	-1.13
39000	82.50	same	-5.46	1.50	-2.43	-4.14	3.22	-1.13
39000	17.50	different	-5.46	1.50	-2.43	-4.14	3.22	-1.13
39200	16.50	xtal-xtal	-5.55	2.29	-2.22	-4.23	11.89	-1.02
39200	64.50	bio-bio	-5.55	2.29	-2.22	-4.23	11.89	-1.02
39200	9.50	xtal-bio	-5.55	2.29	-2.22	-4.23	11.89	-1.02
39200	9.50	bio-xtal	-5.55	2.29	-2.22	-4.23	11.89	-1.02
39200	81.00	same	-5.55	2.29	-2.22	-4.23	11.89	-1.02
39200	19.00	different	-5.55	2.29	-2.22	-4.23	11.89	-1.02
39400	15.00	xtal-xtal	-5.33	2.23	-2.20	-4.07	3.88	-1.38
39400	68.50	bio-bio	-5.33	2.23	-2.20	-4.07	3.88	-1.38
39400	6.50	xtal-bio	-5.33	2.23	-2.20	-4.07	3.88	-1.38
39400	10.00	bio-xtal	-5.33	2.23	-2.20	-4.07	3.88	-1.38
39400	83.50	same	-5.33	2.23	-2.20	-4.07	3.88	-1.38
39400	16.50	different	-5.33	2.23	-2.20	-4.07	3.88	-1.38
39600	16.50	xtal-xtal	-5.31	2.66	-2.04	-3.99	2.49	-1.21
39600	66.50	bio-bio	-5.31	2.66	-2.04	-3.99	2.49	-1.21
39600	9.50	xtal-bio	-5.31	2.66	-2.04	-3.99	2.49	-1.21
39600	7.50	bio-xtal	-5.31	2.66	-2.04	-3.99	2.49	-1.21
39600	83.00	same	-5.31	2.66	-2.04	-3.99	2.49	-1.21
39600	17.00	different	-5.31	2.66	-2.04	-3.99	2.49	-1.21
39800	10.00	xtal-xtal	-5.30	2.31	-1.91	-4.12	15.34	-1.18
39800	62.50	bio-bio	-5.30	2.31	-1.91	-4.12	15.34	-1.18
39800	15.50	xtal-bio	-5.30	2.31	-1.91	-4.12	15.34	-1.18
39800	12.00	bio-xtal	-5.30	2.31	-1.91	-4.12	15.34	-1.18
39800	72.50	same	-5.30	2.31	-1.91	-4.12	15.34	-1.18
39800	27.50	different	-5.30	2.31	-1.91	-4.12	15.34	-1.18
40000	14.50	xtal-xtal	-4.34	2.27	-2.10	-5.30	4.71	-1.35
40000	63.50	bio-bio	-4.34	2.27	-2.10	-5.30	4.71	-1.35
40000	8.50	xtal-bio	-4.34	2.27	-2.10	-5.30	4.71	-1.35
40000	13.50	bio-xtal	-4.34	2.27	-2.10	-5.30	4.71	-1.35
40000	78.00	same	-4.34	2.27	-2.10	-5.30	4.71	-1.35
40000	22.00	different	-4.34	2.27	-2.10	-5.30	4.71	-1.35
40200	15.50	xtal-xtal	-5.01	4.57	-1.95	-5.83	3.62	-1.19
40200	63.50	bio-bio	-5.01	4.57	-1.95	-5.83	3.62	-1.19
40200	8.50	xtal-bio	-5.01	4.57	-1.95	-5.83	3.62	-1.19
40200	12.50	bio-xtal	-5.01	4.57	-1.95	-5.83	3.62	-1.19
40200	79.00	same	-5.01	4.57	-1.95	-5.83	3.62	-1.19
40200	21.00	different	-5.01	4.57	-1.95	-5.83	3.62	-1.19
40400	15.50	xtal-xtal	-5.27	2.99	-2.06	-3.74	5.17	-0.81
40400	60.50	bio-bio	-5.27	2.99	-2.06	-3.74	5.17	-0.81
40400	15.50	xtal-bio	-5.27	2.99	-2.06	-3.74	5.17	-0.81
40400	8.50	bio-xtal	-5.27	2.99	-2.06	-3.74	5.17	-0.81
40400	76.00	same	-5.27	2.99	-2.06	-3.74	5.17	-0.81
40400	24.00	different	-5.27	2.99	-2.06	-3.74	5.17	-0.81
40600	18.50	xtal-xtal	-5.35	4.92	-1.73	-5.10	3.08	-1.27
40600	60.00	bio-bio	-5.35	4.92	-1.73	-5.10	3.08	-1.27
40600	12.00	xtal-bio	-5.35	4.92	-1.73	-5.10	3.08	-1.27
40600	9.50	bio-xtal	-5.35	4.92	-1.73	-5.10	3.08	-1.27
40600	78.50	same	-5.35	4.92	-1.73	-5.10	3.08	-1.27
40600	21.50	different	-5.35	4.92	-1.73	-5.10	3.08	-1.27
40800	14.50	xtal-xtal	-5.38	3.91	-2.04	-5.72	5.08	-1.24
40800	66.50	bio-bio	-5.38	3.91	-2.04	-5.72	5.08	-1.24
40800	10.00	xtal-bio	-5.38	3.91	-2.04	-5.72	5.08	-1.24
40800	9.00	bio-xtal	-5.38	3.91	-2.04	-5.72	5.08	-1.24
40800	81.00	same	-5.38	3.91	-2.04	-5.72	5.08	-1.24
40800	19.00	different	-5.38	3.91	-2.04	-5.72	5.08	-1.24
41000	16.50	xtal-xtal	-5.48	4.41	-2.18	-4.44	3.31	-1.22
41000	61.50	bio-bio	-5.48	4.41	-2.18	-4.44	3.31	-1.22
41000	9.50	xtal-bio	-5.48	4.41	-2.18	-4.44	3.31	-1.22
41000	12.50	bio-xtal	-5.48	4.41	-2.18	-4.44	3.31	-1.22
41000	78.00	same	-5.48	4.41	-2.18	-4.44	3.31	-1.22
41000	22.00	different	-5.48	4.41	-2.18	-4.44	3.31	-1.22
41200	13.50	xtal-xtal	-4.91	2.19	-2.07	-3.73	4.35	-1.15
41200	67.50	bio-bio	-4.91	2.19	-2.07	-3.73	4.35	-1.15
41200	13.00	xtal-bio	-4.91	2.19	-2.07	-3.73	4.35	-1.15
41200	6.00	bio-xtal	-4.91	2.19	-2.07	-3.73	4.35	-1.15
41200	81.00	same	-4.91	2.19	-2.07	-3.73	4.35	-1.15
41200	19.00	different	-4.91	2.19	-2.07	-3.73	4.35	-1.15
41400	10.00	xtal-xtal	-8.73	3.11	-2.12	-3.65	3.79	-1.48
41400	67.00	bio-bio	-8.73	3.11	-2.12	-3.65	3.79	-1.48
41400	12.50	xtal-bio	-8.73	3.11	-2.12	-3.65	3.79	-1.48
41400	10.50	bio-xtal	-8.73	3.11	-2.12	-3.65	3.79	-1.48
41400	77.00	same	-8.73	3.11	-2.12	-3.65	3.79	-1.48
41400	23.00	different	-8.73	3.11	-2.12	-3.65	3.79	-1.48
41600	16.50	xtal-xtal	-5.03	4.52	-1.79	-4.27	3.74	-1.48
41600	63.50	bio-bio	-5.03	4.52	-1.79	-4.27	3.74	-1.48
41600	11.50	xtal-bio	-5.03	4.52	-1.79	-4.27	3.74	-1.48
41600	8.50	bio-xtal	-5.03	4.52	-1.79	-4.27	3.74	-1.48
41600	80.00	same	-5.03	4.52	-1.79	-4.27	3.74	-1.48
41600	20.00	different	-5.03	4.52	-1.79	-4.27	3.74	-1.48
41800	14.00	xtal-xtal	-5.19	4.43	-1.78	-4.30	3.06	-1.26
41800	58.00	bio-bio	-5.19	4.43	-1.78	-4.30	3.06	-1.26
41800	13.00	xtal-bio	-5.19	4.43	-1.78	-4.30	3.06	-1.26
41800	15.00	bio-xtal	-5.19	4.43	-1.78	-4.30	3.06	-1.26
41800	72.00	same	-5.19	4.43	-1.78	-4.30	3.06	-1.26
41800	28.00	different	-5.19	4.43	-1.78	-4.30	3.06	-1.26
42000	18.50	xtal-xtal	-3.78	2.73	-1.82	-4.76	3.73	-0.99
42000	62.50	bio-bio	-3.78	2.73	-1.82	-4.76	3.73	-0.99
42000	12.00	xtal-bio	-3.78	2.73	-1.82	-4.76	3.73	-0.99
42000	7.00	bio-xtal	-3.78	2.73	-1.82	-4.76	3.73	-0.99
42000	81.00	same	-3.78	2.73	-1.82	-4.76	3.73	-0.99
42000	19.00	different	-3.78	2.73	-1.82	-4.76	3.73	-0.99
42200	17.50	xtal-xtal	-6.83	1.58	-2.00	-4.46	3.05	-1.29
42200	57.50	bio-bio	-6.83	1.58	-2.00	-4.46	3.05	-1.29
42200	8.50	xtal-bio	-6.83	1.58	-2.00	-4.46	3.05	-1.29
42200	16.50	bio-xtal	-6.83	1.58	-2.00	-4.46	3.05	-1.29
42200	75.00	same	-6.83	1.58	-2.00	-4.46	3.05	-1.29
42200	25.00	different	-6.83	1.58	-2.00	-4.46	3.05	-1.29
42400	18.00	xtal-xtal	-4.33	7.71	-1.92	-4.32	3.78	-1.00
42400	61.50	bio-bio	-4.33	7.71	-1.92	-4.32	3.78	-1.00
42400	14.00	xtal-bio	-4.33	7.71	-1.92	-4.32	3.78	-1.00
42400	6.50	bio-xtal	-4.33	7.71	-1.92	-4.32	3.78	-1.00
42400	79.50	same	-4.33	7.71	-1.92	-4.32	3.78	-1.00
42400	20.50	different	-4.33	7.71	-1.92	-4.32	3.78	-1.00
42600	11.00	xtal-xtal	-6.91	3.02	-1.88	-4.92	4.69	-1.49
42600	62.50	bio-bio	-6.91	3.02	-1.88	-4.92	4.69	-1.49
42600	15.50	xtal-bio	-6.91	3.02	-1.88	-4.92	4.69	-1.49
42600	11.00	bio-xtal	-6.91	3.02	-1.88	-4.92	4.69	-1.49
42600	73.50	same	-6.91	3.02	-1.88	-4.92	4.69	-1.49
42600	26.50	different	-6.91	3.02	-1.88	-4.92	4.69	-1.49
42800	12.00	xtal-xtal	-5.04	2.96	-2.00	-6.62	5.69	-1.36
42800	64.00	bio-bio	-5.04	2.96	-2.00	-6.62	5.69	-1.36
42800	12.00	xtal-bio	-5.04	2.96	-2.00	-6.62	5.69	-1.36
42800	12.00	bio-xtal	-5.04	2.96	-2.00	-6.62	5.69	-1.36
42800	76.00	same	-5.04	2.96	-2.00	-6.62	5.69	-1.36
42800	24.00	different	-5.04	2.96	-2.00	-6.62	5.69	-1.36
43000	14.50	xtal-xtal	-5.59	2.22	-1.90	-5.03	2.76	-1.30
43000	65.00	bio-bio	-5.59	2.22	-1.90	-5.03	2.76	-1.30
43000	13.50	xtal-bio	-5.59	2.22	-1.90	-5.03	2.76	-1.30
43000	7.00	bio-xtal	-5.59	2.22	-1.90	-5.03	2.76	-1.30
43000	79.50	same	-5.59	2.22	-1.90	-5.03	2.76	-1.30
43000	20.50	different	-5.59	2.22	-1.90	-5.03	2.76	-1.30
43200	19.50	xtal-xtal	-5.10	1.63	-2.06	-4.67	2.37	-0.98
43200	60.00	bio-bio	-5.10	1.63	-2.06	-4.67	2.37	-0.98
43200	12.00	xtal-bio	-5.10	1.63	-2.06	-4.67	2.37	-0.98
43200	8.50	bio-xtal	-5.10	1.63	-2.06	-4.67	2.37	-0.98
43200	79.50	same	-5.10	1.63	-2.06	-4.67	2.37	-0.98
43200	20.50	different	-5.10	1.63	-2.06	-4.67	2.37	-0.98
43400	18.50	xtal-xtal	-3.99	4.50	-1.45	-4.90	2.36	-1.16
43400	55.00	bio-bio	-3.99	4.50	-1.45	-4.90	2.36	-1.16
43400	17.00	xtal-bio	-3.99	4.50	-1.45	-4.90	2.36	-1.16
43400	9.50	bio-xtal	-3.99	4.50	-1.45	-4.90	2.36	-1.16
43400	73.50	same	-3.99	4.50	-1.45	-4.90	2.36	-1.16
43400	26.50	different	-3.99	4.50	-1.45	-4.90	2.36	-1.16
43600	20.00	xtal-xtal	-5.40	2.20	-1.81	-4.62	2.00	-1.48
43600	62.00	bio-bio	-5.40	2.20	-1.81	-4.62	2.00	-1.48
43600	8.50	xtal-bio	-5.40	2.20	-1.81	-4.62	2.00	-1.48
43600	9.50	bio-xtal	-5.40	2.20	-1.81	-4.62	2.00	-1.48
43600	82.00	same	-5.40	2.20	-1.81	-4.62	2.00	-1.48
43600	18.00	different	-5.40	2.20	-1.81	-4.62	2.00	-1.48
43800	21.00	xtal-xtal	-5.66	6.23	-1.52	-6.57	4.07	-1.40
43800	62.00	bio-bio	-5.66	6.23	-1.52	-6.57	4.07	-1.40
43800	9.50	xtal-bio	-5.66	6.23	-1.52	-6.57	4.07	-1.40
43800	7.50	bio-xtal	-5.66	6.23	-1.52	-6.57	4.07	-1.40
43800	83.00	same	-5.66	6.23	-1.52	-6.57	4.07	-1.40
43800	17.00	different	-5.66	6.23	-1.52	-6.57	4.07	-1.40
44000	15.50	xtal-xtal	-5.14	2.16	-2.15	-4.74	3.65	-1.53
44000	66.50	bio-bio	-5.14	2.16	-2.15	-4.74	3.65	-1.53
44000	9.00	xtal-bio	-5.14	2.16	-2.15	-4.74	3.65	-1.53
44000	9.00	bio-xtal	-5.14	2.16	-2.15	-4.74	3.65	-1.53
44000	82.00	same	-5.14	2.16	-2.15	-4.74	3.65	-1.53
44000	18.00	different	-5.14	2.16	-2.15	-4.74	3.65	-1.53
44200	18.00	xtal-xtal	-5.69	13.13	-1.58	-4.85	2.37	-1.55
44200	61.00	bio-bio	-5.69	13.13	-1.58	-4.85	2.37	-1.55
44200	10.50	xtal-bio	-5.69	13.13	-1.58	-4.85	2.37	-1.55
44200	10.50	bio-xtal	-5.69	13.13	-1.58	-4.85	2.37	-1.55
44200	79.00	same	-5.69	13.13	-1.58	-4.85	2.37	-1.55
44200	21.00	different	-5.69	13.13	-1.58	-4.85	2.37	-1.55
44400	17.50	xtal-xtal	-4.68	2.64	-2.21	-4.41	3.67	-1.69
44400	64.50	bio-bio	-4.68	2.64	-2.21	-4.41	3.67	-1.69
44400	9.00	xtal-bio	-4.68	2.64	-2.21	-4.41	3.67	-1.69
44400	9.00	bio-xtal	-4.68	2.64	-2.21	-4.41	3.67	-1.69
44400	82.00	same	-4.68	2.64	-2.21	-4.41	3.67	-1.69
44400	18.00	different	-4.68	2.64	-2.21	-4.41	3.67	-1.69
44600	20.00	xtal-xtal	-4.43	7.34	-1.64	-4.18	1.99	-1.43
44600	63.00	bio-bio	-4.43	7.34	-1.64	-4.18	1.99	-1.43
44600	10.00	xtal-bio	-4.43	7.34	-1.64	-4.18	1.99	-1.43
44600	7.00	bio-xtal	-4.43	7.34	-1.64	-4.18	1.99	-1.43
44600	83.00	same	-4.43	7.34	-1.64	-4.18	1.99	-1.43
44600	17.00	different	-4.43	7.34	-1.64	-4.18	1.99	-1.43
44800	16.50	xtal-xtal	-4.72	2.02	-1.84	-4.49	3.24	-1.53
44800	63.50	bio-bio	-4.72	2.02	-1.84	-4.49	3.24	-1.53
44800	11.00	xtal-bio	-4.72	2.02	-1.84	-4.49	3.24	-1.53
44800	9.00	bio-xtal	-4.72	2.02	-1.84	-4.49	3.24	-1.53
44800	80.00	same	-4.72	2.02	-1.84	-4.49	3.24	-1.53
44800	20.00	different	-4.72	2.02	-1.84	-4.49	3.24	-1.53
45000	17.50	xtal-xtal	-3.92	2.54	-1.54	-4.61	2.39	-1.48
45000	61.50	bio-bio	-3.92	2.54	-1.54	-4.61	2.39	-1.48
45000	10.50	xtal-bio	-3.92	2.54	-1.54	-4.61	2.39	-1.48
45000	10.50	bio-xtal	-3.92	2.54	-1.54	-4.61	2.39	-1.48
45000	79.00	same	-3.92	2.54	-1.54	-4.61	2.39	-1.48
45000	21.00	different	-3.92	2.54	-1.54	-4.61	2.39	-1.48
45200	23.00	xtal-xtal	-5.98	8.80	-1.25	-4.24	2.90	-1.04
45200	52.00	bio-bio	-5.98	8.80	-1.25	-4.24	2.90	-1.04
45200	15.00	xtal-bio	-5.98	8.80	-1.25	-4.24	2.90	-1.04
45200	10.00	bio-xtal	-5.98	8.80	-1.25	-4.24	2.90	-1.04
45200	75.00	same	-5.98	8.80	-1.25	-4.24	2.90	-1.04
45200	25.00	different	-5.98	8.80	-1.25	-4.24	2.90	-1.04
45400	19.50	xtal-xtal	-4.73	4.27	-1.32	-4.42	5.31	-1.26
45400	56.00	bio-bio	-4.73	4.27	-1.32	-4.42	5.31	-1.26
45400	16.00	xtal-bio	-4.73	4.27	-1.32	-4.42	5.31	-1.26
45400	8.50	bio-xtal	-4.73	4.27	-1.32	-4.42	5.31	-1.26
45400	75.50	same	-4.73	4.27	-1.32	-4.42	5.31	-1.26
45400	24.50	different	-4.73	4.27	-1.32	-4.42	5.31	-1.26
45600	20.00	xtal-xtal	-5.98	3.09	-1.37	-4.23	3.17	-1.39
45600	58.50	bio-bio	-5.98	3.09	-1.37	-4.23	3.17	-1.39
45600	13.50	xtal-bio	-5.98	3.09	-1.37	-4.23	3.17	-1.39
45600	8.00	bio-xtal	-5.98	3.09	-1.37	-4.23	3.17	-1.39
45600	78.50	same	-5.98	3.09	-1.37	-4.23	3.17	-1.39
45600	21.50	different	-5.98	3.09	-1.37	-4.23	3.17	-1.39
45800	16.00	xtal-xtal	-4.42	2.83	-1.52	-4.33	2.49	-1.46
45800	57.50	bio-bio	-4.42	2.83	-1.52	-4.33	2.49	-1.46
45800	16.00	xtal-bio	-4.42	2.83	-1.52	-4.33	2.49	-1.46
45800	10.50	bio-xtal	-4.42	2.83	-1.52	-4.33	2.49	-1.46
45800	73.50	same	-4.42	2.83	-1.52	-4.33	2.49	-1.46
45800	26.50	different	-4.42	2.83	-1.52	-4.33	2.49	-1.46
46000	15.00	xtal-xtal	-4.76	3.04	-1.51	-4.28	3.17	-1.46
46000	59.00	bio-bio	-4.76	3.04	-1.51	-4.28	3.17	-1.46
46000	12.00	xtal-bio	-4.76	3.04	-1.51	-4.28	3.17	-1.46
46000	14.00	bio-xtal	-4.76	3.04	-1.51	-4.28	3.17	-1.46
46000	74.00	same	-4.76	3.04	-1.51	-4.28	3.17	-1.46
46000	26.00	different	-4.76	3.04	-1.51	-4.28	3.17	-1.46
46200	14.50	xtal-xtal	-4.54	3.13	-1.48	-6.19	2.17	-1.51
46200	61.00	bio-bio	-4.54	3.13	-1.48	-6.19	2.17	-1.51
46200	15.50	xtal-bio	-4.54	3.13	-1.48	-6.19	2.17	-1.51
46200	9.00	bio-xtal	-4.54	3.13	-1.48	-6.19	2.17	-1.51
46200	75.50	same	-4.54	3.13	-1.48	-6.19	2.17	-1.51
46200	24.50	different	-4.54	3.13	-1.48	-6.19	2.17	-1.51
46400	17.00	xtal-xtal	-4.35	14.07	-1.04	-5.04	3.63	-1.47
46400	57.00	bio-bio	-4.35	14.07	-1.04	-5.04	3.63	-1.47
46400	16.00	xtal-bio	-4.35	14.07	-1.04	-5.04	3.63	-1.47
46400	10.00	bio-xtal	-4.35	14.07	-1.04	-5.04	3.63	-1.47
46400	74.00	same	-4.35	14.07	-1.04	-5.04	3.63	-1.47
46400	26.00	different	-4.35	14.07	-1.04	-5.04	3.63	-1.47
46600	12.50	xtal-xtal	-5.78	13.15	-1.56	-4.50	2.85	-1.33
46600	59.00	bio-bio	-5.78	13.15	-1.56	-4.50	2.85	-1.33
46600	16.00	xtal-bio	-5.78	13.15	-1.56	-4.50	2.85	-1.33
46600	12.50	bio-xtal	-5.78	13.15	-1.56	-4.50	2.85	-1.33
46600	71.50	same	-5.78	13.15	-1.56	-4.50	2.85	-1.33
46600	28.50	different	-5.78	13.15	-1.56	-4.50	2.85	-1.33
46800	11.50	xtal-xtal	-4.45	4.38	-1.51	-5.32	2.35	-1.88
46800	63.50	bio-bio	-4.45	4.38	-1.51	-5.32	2.35	-1.88
46800	12.50	xtal-bio	-4.45	4.38	-1.51	-5.32	2.35	-1.88
46800	12.50	bio-xtal	-4.45	4.38	-1.51	-5.32	2.35	-1.88
46800	75.00	same	-4.45	4.38	-1.51	-5.32	2.35	-1.88
46800	25.00	different	-4.45	4.38	-1.51	-5.32	2.35	-1.88
47000	10.00	xtal-xtal	-5.92	15.04	-1.44	-5.02	2.95	-1.67
47000	70.50	bio-bio	-5.92	15.04	-1.44	-5.02	2.95	-1.67
47000	11.00	xtal-bio	-5.92	15.04	-1.44	-5.02	2.95	-1.67
47000	8.50	bio-xtal	-5.92	15.04	-1.44	-5.02	2.95	-1.67
47000	80.50	same	-5.92	15.04	-1.44	-5.02	2.95	-1.67
47000	19.50	different	-5.92	15.04	-1.44	-5.02	2.95	-1.67
47200	16.50	xtal-xtal	-5.22	2.69	-1.36	-5.23	3.31	-1.62
47200	63.00	bio-bio	-5.22	2.69	-1.36	-5.23	3.31	-1.62
47200	12.00	xtal-bio	-5.22	2.69	-1.36	-5.23	3.31	-1.62
47200	8.50	bio-xtal	-5.22	2.69	-1.36	-5.23	3.31	-1.62
47200	79.50	same	-5.22	2.69	-1.36	-5.23	3.31	-1.62
47200	20.50	different	-5.22	2.69	-1.36	-5.23	3.31	-1.62
47400	12.00	xtal-xtal	-5.32	4.55	-1.23	-4.24	2.19	-1.71
47400	56.00	bio-bio	-5.32	4.55	-1.23	-4.24	2.19	-1.71
47400	15.50	xtal-bio	-5.32	4.55	-1.23	-4.24	2.19	-1.71
47400	16.50	bio-xtal	-5.32	4.55	-1.23	-4.24	2.19	-1.71
47400	68.00	same	-5.32	4.55	-1.23	-4.24	2.19	-1.71
47400	32.00	different	-5.32	4.55	-1.23	-4.24	2.19	-1.71
47600	12.50	xtal-xtal	-4.38	13.68	-1.10	-3.74	1.67	-1.56
47600	63.50	bio-bio	-4.38	13.68	-1.10	-3.74	1.67	-1.56
47600	14.50	xtal-bio	-4.38	13.68	-1.10	-3.74	1.67	-1.56
47600	9.50	bio-xtal	-4.38	13.68	-1.10	-3.74	1.67	-1.56
47600	76.00	same	-4.38	13.68	-1.10	-3.74	1.67	-1.56
47600	24.00	different	-4.38	13.68	-1.10	-3.74	1.67	-1.56
47800	9.50	xtal-xtal	-4.79	2.56	-1.73	-5.95	2.67	-1.60
47800	66.00	bio-bio	-4.79	2.56	-1.73	-5.95	2.67	-1.60
47800	15.50	xtal-bio	-4.79	2.56	-1.73	-5.95	2.67	-1.60
47800	9.00	bio-xtal	-4.79	2.56	-1.73	-5.95	2.67	-1.60
47800	75.50	same	-4.79	2.56	-1.73	-5.95	2.67	-1.60
47800	24.50	different	-4.79	2.56	-1.73	-5.95	2.67	-1.60
48000	11.00	xtal-xtal	-4.40	10.51	-1.50	-4.70	3.88	-1.28
48000	62.50	bio-bio	-4.40	10.51	-1.50	-4.70	3.88	-1.28
48000	17.50	xtal-bio	-4.40	10.51	-1.50	-4.70	3.88	-1.28
48000	9.00	bio-xtal	-4.40	10.51	-1.50	-4.70	3.88	-1.28
48000	73.50	same	-4.40	10.51	-1.50	-4.70	3.88	-1.28
48000	26.50	different	-4.40	10.51	-1.50	-4.70	3.88	-1.28
48200	11.50	xtal-xtal	-3.47	3.79	-1.20	-5.72	2.42	-1.65
48200	60.50	bio-bio	-3.47	3.79	-1.20	-5.72	2.42	-1.65
48200	16.00	xtal-bio	-3.47	3.79	-1.20	-5.72	2.42	-1.65
48200	12.00	bio-xtal	-3.47	3.79	-1.20	-5.72	2.42	-1.65
48200	72.00	same	-3.47	3.79	-1.20	-5.72	2.42	-1.65
48200	28.00	different	-3.47	3.79	-1.20	-5.72	2.42	-1.65
48400	13.00	xtal-xtal	-4.22	2.86	-1.21	-5.51	3.54	-1.38
48400	59.50	bio-bio	-4.22	2.86	-1.21	-5.51	3.54	-1.38
48400	18.50	xtal-bio	-4.22	2.86	-1.21	-5.51	3.54	-1.38
48400	9.00	bio-xtal	-4.22	2.86	-1.21	-5.51	3.54	-1.38
48400	72.50	same	-4.22	2.86	-1.21	-5.51	3.54	-1.38
48400	27.50	different	-4.22	2.86	-1.21	-5.51	3.54	-1.38
48600	16.50	xtal-xtal	-3.52	2.46	-1.28	-4.61	1.42	-1.63
48600	63.00	bio-bio	-3.52	2.46	-1.28	-4.61	1.42	-1.63
48600	9.50	xtal-bio	-3.52	2.46	-1.28	-4.61	1.42	-1.63
48600	11.00	bio-xtal	-3.52	2.46	-1.28	-4.61	1.42	-1.63
48600	79.50	same	-3.52	2.46	-1.28	-4.61	1.42	-1.63
48600	20.50	different	-3.52	2.46	-1.28	-4.61	1.42	-1.63
48800	15.00	xtal-xtal	-5.64	3.61	-1.44	-5.68	4.95	-1.61
48800	62.50	bio-bio	-5.64	3.61	-1.44	-5.68	4.95	-1.61
48800	11.50	xtal-bio	-5.64	3.61	-1.44	-5.68	4.95	-1.61
48800	11.00	bio-xtal	-5.64	3.61	-1.44	-5.68	4.95	-1.61
48800	77.50	same	-5.64	3.61	-1.44	-5.68	4.95	-1.61
48800	22.50	different	-5.64	3.61	-1.44	-5.68	4.95	-1.61
49000	12.50	xtal-xtal	-4.35	1.77	-1.20	-3.77	2.27	-1.35
49000	60.50	bio-bio	-4.35	1.77	-1.20	-3.77	2.27	-1.35
49000	16.50	xtal-bio	-4.35	1.77	-1.20	-3.77	2.27	-1.35
49000	10.50	bio-xtal	-4.35	1.77	-1.20	-3.77	2.27	-1.35
49000	73.00	same	-4.35	1.77	-1.20	-3.77	2.27	-1.35
49000	27.00	different	-4.35	1.77	-1.20	-3.77	2.27	-1.35
49200	13.00	xtal-xtal	-3.04	4.45	-1.29	-5.38	2.64	-1.53
49200	64.00	bio-bio	-3.04	4.45	-1.29	-5.38	2.64	-1.53
49200	13.00	xtal-bio	-3.04	4.45	-1.29	-5.38	2.64	-1.53
49200	10.00	bio-xtal	-3.04	4.45	-1.29	-5.38	2.64	-1.53
49200	77.00	same	-3.04	4.45	-1.29	-5.38	2.64	-1.53
49200	23.00	different	-3.04	4.45	-1.29	-5.38	2.64	-1.53
