datapoints	percentage	call	xmin	xmax	xmean	bmin	bmax	bmean
200	45.00	xtal-xtal	3.82	11.89	4.67	-18.66	-11.22	-13.68
200	50.00	bio-bio	3.82	11.89	4.67	-18.66	-11.22	-13.68
200	5.00	xtal-bio	3.82	11.89	4.67	-18.66	-11.22	-13.68
200	0.00	bio-xtal	3.82	11.89	4.67	-18.66	-11.22	-13.68
200	95.00	same	3.82	11.89	4.67	-18.66	-11.22	-13.68
200	5.00	different	3.82	11.89	4.67	-18.66	-11.22	-13.68
400	46.00	xtal-xtal	3.30	3.81	3.57	-11.21	-9.89	-10.41
400	49.00	bio-bio	3.30	3.81	3.57	-11.21	-9.89	-10.41
400	4.00	xtal-bio	3.30	3.81	3.57	-11.21	-9.89	-10.41
400	1.00	bio-xtal	3.30	3.81	3.57	-11.21	-9.89	-10.41
400	95.00	same	3.30	3.81	3.57	-11.21	-9.89	-10.41
400	5.00	different	3.30	3.81	3.57	-11.21	-9.89	-10.41
600	45.50	xtal-xtal	3.07	3.28	3.17	-9.88	-9.26	-9.53
600	50.00	bio-bio	3.07	3.28	3.17	-9.88	-9.26	-9.53
600	4.50	xtal-bio	3.07	3.28	3.17	-9.88	-9.26	-9.53
600	0.00	bio-xtal	3.07	3.28	3.17	-9.88	-9.26	-9.53
600	95.50	same	3.07	3.28	3.17	-9.88	-9.26	-9.53
600	4.50	different	3.07	3.28	3.17	-9.88	-9.26	-9.53
800	46.00	xtal-xtal	2.91	3.06	2.98	-9.26	-8.81	-9.04
800	48.50	bio-bio	2.91	3.06	2.98	-9.26	-8.81	-9.04
800	4.00	xtal-bio	2.91	3.06	2.98	-9.26	-8.81	-9.04
800	1.50	bio-xtal	2.91	3.06	2.98	-9.26	-8.81	-9.04
800	94.50	same	2.91	3.06	2.98	-9.26	-8.81	-9.04
800	5.50	different	2.91	3.06	2.98	-9.26	-8.81	-9.04
1000	43.50	xtal-xtal	2.79	2.91	2.84	-8.81	-8.43	-8.60
1000	49.00	bio-bio	2.79	2.91	2.84	-8.81	-8.43	-8.60
1000	6.50	xtal-bio	2.79	2.91	2.84	-8.81	-8.43	-8.60
1000	1.00	bio-xtal	2.79	2.91	2.84	-8.81	-8.43	-8.60
1000	92.50	same	2.79	2.91	2.84	-8.81	-8.43	-8.60
1000	7.50	different	2.79	2.91	2.84	-8.81	-8.43	-8.60
1200	48.50	xtal-xtal	2.69	2.79	2.74	-8.42	-8.13	-8.27
1200	49.00	bio-bio	2.69	2.79	2.74	-8.42	-8.13	-8.27
1200	1.50	xtal-bio	2.69	2.79	2.74	-8.42	-8.13	-8.27
1200	1.00	bio-xtal	2.69	2.79	2.74	-8.42	-8.13	-8.27
1200	97.50	same	2.69	2.79	2.74	-8.42	-8.13	-8.27
1200	2.50	different	2.69	2.79	2.74	-8.42	-8.13	-8.27
1400	47.50	xtal-xtal	2.60	2.69	2.64	-8.13	-7.82	-7.97
1400	47.50	bio-bio	2.60	2.69	2.64	-8.13	-7.82	-7.97
1400	2.50	xtal-bio	2.60	2.69	2.64	-8.13	-7.82	-7.97
1400	2.50	bio-xtal	2.60	2.69	2.64	-8.13	-7.82	-7.97
1400	95.00	same	2.60	2.69	2.64	-8.13	-7.82	-7.97
1400	5.00	different	2.60	2.69	2.64	-8.13	-7.82	-7.97
1600	45.50	xtal-xtal	2.52	2.60	2.56	-7.81	-7.51	-7.66
1600	49.00	bio-bio	2.52	2.60	2.56	-7.81	-7.51	-7.66
1600	4.50	xtal-bio	2.52	2.60	2.56	-7.81	-7.51	-7.66
1600	1.00	bio-xtal	2.52	2.60	2.56	-7.81	-7.51	-7.66
1600	94.50	same	2.52	2.60	2.56	-7.81	-7.51	-7.66
1600	5.50	different	2.52	2.60	2.56	-7.81	-7.51	-7.66
1800	46.00	xtal-xtal	2.44	2.52	2.48	-7.51	-7.28	-7.38
1800	49.00	bio-bio	2.44	2.52	2.48	-7.51	-7.28	-7.38
1800	4.00	xtal-bio	2.44	2.52	2.48	-7.51	-7.28	-7.38
1800	1.00	bio-xtal	2.44	2.52	2.48	-7.51	-7.28	-7.38
1800	95.00	same	2.44	2.52	2.48	-7.51	-7.28	-7.38
1800	5.00	different	2.44	2.52	2.48	-7.51	-7.28	-7.38
2000	48.50	xtal-xtal	2.38	2.44	2.41	-7.28	-7.10	-7.19
2000	50.00	bio-bio	2.38	2.44	2.41	-7.28	-7.10	-7.19
2000	1.50	xtal-bio	2.38	2.44	2.41	-7.28	-7.10	-7.19
2000	0.00	bio-xtal	2.38	2.44	2.41	-7.28	-7.10	-7.19
2000	98.50	same	2.38	2.44	2.41	-7.28	-7.10	-7.19
2000	1.50	different	2.38	2.44	2.41	-7.28	-7.10	-7.19
2200	46.50	xtal-xtal	2.33	2.38	2.35	-7.10	-7.00	-7.05
2200	50.00	bio-bio	2.33	2.38	2.35	-7.10	-7.00	-7.05
2200	3.50	xtal-bio	2.33	2.38	2.35	-7.10	-7.00	-7.05
2200	0.00	bio-xtal	2.33	2.38	2.35	-7.10	-7.00	-7.05
2200	96.50	same	2.33	2.38	2.35	-7.10	-7.00	-7.05
2200	3.50	different	2.33	2.38	2.35	-7.10	-7.00	-7.05
2400	48.00	xtal-xtal	2.27	2.33	2.30	-7.00	-6.89	-6.95
2400	49.50	bio-bio	2.27	2.33	2.30	-7.00	-6.89	-6.95
2400	2.00	xtal-bio	2.27	2.33	2.30	-7.00	-6.89	-6.95
2400	0.50	bio-xtal	2.27	2.33	2.30	-7.00	-6.89	-6.95
2400	97.50	same	2.27	2.33	2.30	-7.00	-6.89	-6.95
2400	2.50	different	2.27	2.33	2.30	-7.00	-6.89	-6.95
2600	43.50	xtal-xtal	2.22	2.27	2.24	-6.89	-6.77	-6.83
2600	49.50	bio-bio	2.22	2.27	2.24	-6.89	-6.77	-6.83
2600	6.50	xtal-bio	2.22	2.27	2.24	-6.89	-6.77	-6.83
2600	0.50	bio-xtal	2.22	2.27	2.24	-6.89	-6.77	-6.83
2600	93.00	same	2.22	2.27	2.24	-6.89	-6.77	-6.83
2600	7.00	different	2.22	2.27	2.24	-6.89	-6.77	-6.83
2800	46.00	xtal-xtal	2.17	2.22	2.19	-6.76	-6.64	-6.70
2800	49.50	bio-bio	2.17	2.22	2.19	-6.76	-6.64	-6.70
2800	4.00	xtal-bio	2.17	2.22	2.19	-6.76	-6.64	-6.70
2800	0.50	bio-xtal	2.17	2.22	2.19	-6.76	-6.64	-6.70
2800	95.50	same	2.17	2.22	2.19	-6.76	-6.64	-6.70
2800	4.50	different	2.17	2.22	2.19	-6.76	-6.64	-6.70
3000	47.00	xtal-xtal	2.12	2.17	2.14	-6.64	-6.48	-6.56
3000	48.00	bio-bio	2.12	2.17	2.14	-6.64	-6.48	-6.56
3000	3.00	xtal-bio	2.12	2.17	2.14	-6.64	-6.48	-6.56
3000	2.00	bio-xtal	2.12	2.17	2.14	-6.64	-6.48	-6.56
3000	95.00	same	2.12	2.17	2.14	-6.64	-6.48	-6.56
3000	5.00	different	2.12	2.17	2.14	-6.64	-6.48	-6.56
3200	46.00	xtal-xtal	2.08	2.12	2.10	-6.48	-6.34	-6.41
3200	49.00	bio-bio	2.08	2.12	2.10	-6.48	-6.34	-6.41
3200	4.00	xtal-bio	2.08	2.12	2.10	-6.48	-6.34	-6.41
3200	1.00	bio-xtal	2.08	2.12	2.10	-6.48	-6.34	-6.41
3200	95.00	same	2.08	2.12	2.10	-6.48	-6.34	-6.41
3200	5.00	different	2.08	2.12	2.10	-6.48	-6.34	-6.41
3400	46.50	xtal-xtal	2.04	2.08	2.06	-6.34	-6.22	-6.28
3400	48.50	bio-bio	2.04	2.08	2.06	-6.34	-6.22	-6.28
3400	3.50	xtal-bio	2.04	2.08	2.06	-6.34	-6.22	-6.28
3400	1.50	bio-xtal	2.04	2.08	2.06	-6.34	-6.22	-6.28
3400	95.00	same	2.04	2.08	2.06	-6.34	-6.22	-6.28
3400	5.00	different	2.04	2.08	2.06	-6.34	-6.22	-6.28
3600	47.50	xtal-xtal	2.00	2.04	2.02	-6.22	-6.10	-6.16
3600	48.00	bio-bio	2.00	2.04	2.02	-6.22	-6.10	-6.16
3600	2.50	xtal-bio	2.00	2.04	2.02	-6.22	-6.10	-6.16
3600	2.00	bio-xtal	2.00	2.04	2.02	-6.22	-6.10	-6.16
3600	95.50	same	2.00	2.04	2.02	-6.22	-6.10	-6.16
3600	4.50	different	2.00	2.04	2.02	-6.22	-6.10	-6.16
3800	47.50	xtal-xtal	1.96	2.00	1.97	-6.10	-5.97	-6.04
3800	49.00	bio-bio	1.96	2.00	1.97	-6.10	-5.97	-6.04
3800	2.50	xtal-bio	1.96	2.00	1.97	-6.10	-5.97	-6.04
3800	1.00	bio-xtal	1.96	2.00	1.97	-6.10	-5.97	-6.04
3800	96.50	same	1.96	2.00	1.97	-6.10	-5.97	-6.04
3800	3.50	different	1.96	2.00	1.97	-6.10	-5.97	-6.04
4000	47.00	xtal-xtal	1.91	1.96	1.93	-5.97	-5.87	-5.92
4000	48.50	bio-bio	1.91	1.96	1.93	-5.97	-5.87	-5.92
4000	3.00	xtal-bio	1.91	1.96	1.93	-5.97	-5.87	-5.92
4000	1.50	bio-xtal	1.91	1.96	1.93	-5.97	-5.87	-5.92
4000	95.50	same	1.91	1.96	1.93	-5.97	-5.87	-5.92
4000	4.50	different	1.91	1.96	1.93	-5.97	-5.87	-5.92
4200	46.00	xtal-xtal	1.87	1.91	1.89	-5.87	-5.79	-5.83
4200	48.00	bio-bio	1.87	1.91	1.89	-5.87	-5.79	-5.83
4200	4.00	xtal-bio	1.87	1.91	1.89	-5.87	-5.79	-5.83
4200	2.00	bio-xtal	1.87	1.91	1.89	-5.87	-5.79	-5.83
4200	94.00	same	1.87	1.91	1.89	-5.87	-5.79	-5.83
4200	6.00	different	1.87	1.91	1.89	-5.87	-5.79	-5.83
4400	47.50	xtal-xtal	1.82	1.87	1.84	-5.79	-5.71	-5.75
4400	48.50	bio-bio	1.82	1.87	1.84	-5.79	-5.71	-5.75
4400	2.50	xtal-bio	1.82	1.87	1.84	-5.79	-5.71	-5.75
4400	1.50	bio-xtal	1.82	1.87	1.84	-5.79	-5.71	-5.75
4400	96.00	same	1.82	1.87	1.84	-5.79	-5.71	-5.75
4400	4.00	different	1.82	1.87	1.84	-5.79	-5.71	-5.75
4600	47.00	xtal-xtal	1.78	1.82	1.80	-5.71	-5.62	-5.66
4600	49.00	bio-bio	1.78	1.82	1.80	-5.71	-5.62	-5.66
4600	3.00	xtal-bio	1.78	1.82	1.80	-5.71	-5.62	-5.66
4600	1.00	bio-xtal	1.78	1.82	1.80	-5.71	-5.62	-5.66
4600	96.00	same	1.78	1.82	1.80	-5.71	-5.62	-5.66
4600	4.00	different	1.78	1.82	1.80	-5.71	-5.62	-5.66
4800	47.00	xtal-xtal	1.74	1.78	1.76	-5.62	-5.54	-5.58
4800	46.50	bio-bio	1.74	1.78	1.76	-5.62	-5.54	-5.58
4800	3.00	xtal-bio	1.74	1.78	1.76	-5.62	-5.54	-5.58
4800	3.50	bio-xtal	1.74	1.78	1.76	-5.62	-5.54	-5.58
4800	93.50	same	1.74	1.78	1.76	-5.62	-5.54	-5.58
4800	6.50	different	1.74	1.78	1.76	-5.62	-5.54	-5.58
5000	48.00	xtal-xtal	1.71	1.74	1.72	-5.54	-5.47	-5.50
5000	47.00	bio-bio	1.71	1.74	1.72	-5.54	-5.47	-5.50
5000	2.00	xtal-bio	1.71	1.74	1.72	-5.54	-5.47	-5.50
5000	3.00	bio-xtal	1.71	1.74	1.72	-5.54	-5.47	-5.50
5000	95.00	same	1.71	1.74	1.72	-5.54	-5.47	-5.50
5000	5.00	different	1.71	1.74	1.72	-5.54	-5.47	-5.50
5200	47.50	xtal-xtal	1.67	1.70	1.69	-5.47	-5.39	-5.43
5200	49.00	bio-bio	1.67	1.70	1.69	-5.47	-5.39	-5.43
5200	2.50	xtal-bio	1.67	1.70	1.69	-5.47	-5.39	-5.43
5200	1.00	bio-xtal	1.67	1.70	1.69	-5.47	-5.39	-5.43
5200	96.50	same	1.67	1.70	1.69	-5.47	-5.39	-5.43
5200	3.50	different	1.67	1.70	1.69	-5.47	-5.39	-5.43
5400	46.00	xtal-xtal	1.63	1.67	1.65	-5.39	-5.32	-5.36
5400	48.00	bio-bio	1.63	1.67	1.65	-5.39	-5.32	-5.36
5400	4.00	xtal-bio	1.63	1.67	1.65	-5.39	-5.32	-5.36
5400	2.00	bio-xtal	1.63	1.67	1.65	-5.39	-5.32	-5.36
5400	94.00	same	1.63	1.67	1.65	-5.39	-5.32	-5.36
5400	6.00	different	1.63	1.67	1.65	-5.39	-5.32	-5.36
5600	46.50	xtal-xtal	1.60	1.63	1.62	-5.32	-5.26	-5.29
5600	49.00	bio-bio	1.60	1.63	1.62	-5.32	-5.26	-5.29
5600	3.50	xtal-bio	1.60	1.63	1.62	-5.32	-5.26	-5.29
5600	1.00	bio-xtal	1.60	1.63	1.62	-5.32	-5.26	-5.29
5600	95.50	same	1.60	1.63	1.62	-5.32	-5.26	-5.29
5600	4.50	different	1.60	1.63	1.62	-5.32	-5.26	-5.29
5800	45.50	xtal-xtal	1.56	1.60	1.58	-5.26	-5.19	-5.22
5800	48.50	bio-bio	1.56	1.60	1.58	-5.26	-5.19	-5.22
5800	4.50	xtal-bio	1.56	1.60	1.58	-5.26	-5.19	-5.22
5800	1.50	bio-xtal	1.56	1.60	1.58	-5.26	-5.19	-5.22
5800	94.00	same	1.56	1.60	1.58	-5.26	-5.19	-5.22
5800	6.00	different	1.56	1.60	1.58	-5.26	-5.19	-5.22
6000	46.50	xtal-xtal	1.53	1.56	1.55	-5.18	-5.12	-5.15
6000	48.50	bio-bio	1.53	1.56	1.55	-5.18	-5.12	-5.15
6000	3.50	xtal-bio	1.53	1.56	1.55	-5.18	-5.12	-5.15
6000	1.50	bio-xtal	1.53	1.56	1.55	-5.18	-5.12	-5.15
6000	95.00	same	1.53	1.56	1.55	-5.18	-5.12	-5.15
6000	5.00	different	1.53	1.56	1.55	-5.18	-5.12	-5.15
6200	44.00	xtal-xtal	1.49	1.53	1.51	-5.12	-5.05	-5.08
6200	45.00	bio-bio	1.49	1.53	1.51	-5.12	-5.05	-5.08
6200	6.00	xtal-bio	1.49	1.53	1.51	-5.12	-5.05	-5.08
6200	5.00	bio-xtal	1.49	1.53	1.51	-5.12	-5.05	-5.08
6200	89.00	same	1.49	1.53	1.51	-5.12	-5.05	-5.08
6200	11.00	different	1.49	1.53	1.51	-5.12	-5.05	-5.08
6400	45.00	xtal-xtal	1.46	1.49	1.48	-5.05	-4.99	-5.02
6400	49.00	bio-bio	1.46	1.49	1.48	-5.05	-4.99	-5.02
6400	5.00	xtal-bio	1.46	1.49	1.48	-5.05	-4.99	-5.02
6400	1.00	bio-xtal	1.46	1.49	1.48	-5.05	-4.99	-5.02
6400	94.00	same	1.46	1.49	1.48	-5.05	-4.99	-5.02
6400	6.00	different	1.46	1.49	1.48	-5.05	-4.99	-5.02
6600	47.50	xtal-xtal	1.43	1.46	1.45	-4.99	-4.95	-4.97
6600	48.00	bio-bio	1.43	1.46	1.45	-4.99	-4.95	-4.97
6600	2.50	xtal-bio	1.43	1.46	1.45	-4.99	-4.95	-4.97
6600	2.00	bio-xtal	1.43	1.46	1.45	-4.99	-4.95	-4.97
6600	95.50	same	1.43	1.46	1.45	-4.99	-4.95	-4.97
6600	4.50	different	1.43	1.46	1.45	-4.99	-4.95	-4.97
6800	47.00	xtal-xtal	1.40	1.43	1.42	-4.95	-4.89	-4.92
6800	48.50	bio-bio	1.40	1.43	1.42	-4.95	-4.89	-4.92
6800	3.00	xtal-bio	1.40	1.43	1.42	-4.95	-4.89	-4.92
6800	1.50	bio-xtal	1.40	1.43	1.42	-4.95	-4.89	-4.92
6800	95.50	same	1.40	1.43	1.42	-4.95	-4.89	-4.92
6800	4.50	different	1.40	1.43	1.42	-4.95	-4.89	-4.92
7000	47.50	xtal-xtal	1.37	1.40	1.39	-4.89	-4.84	-4.86
7000	46.50	bio-bio	1.37	1.40	1.39	-4.89	-4.84	-4.86
7000	2.50	xtal-bio	1.37	1.40	1.39	-4.89	-4.84	-4.86
7000	3.50	bio-xtal	1.37	1.40	1.39	-4.89	-4.84	-4.86
7000	94.00	same	1.37	1.40	1.39	-4.89	-4.84	-4.86
7000	6.00	different	1.37	1.40	1.39	-4.89	-4.84	-4.86
7200	49.00	xtal-xtal	1.35	1.37	1.36	-4.84	-4.80	-4.82
7200	47.50	bio-bio	1.35	1.37	1.36	-4.84	-4.80	-4.82
7200	1.00	xtal-bio	1.35	1.37	1.36	-4.84	-4.80	-4.82
7200	2.50	bio-xtal	1.35	1.37	1.36	-4.84	-4.80	-4.82
7200	96.50	same	1.35	1.37	1.36	-4.84	-4.80	-4.82
7200	3.50	different	1.35	1.37	1.36	-4.84	-4.80	-4.82
7400	49.00	xtal-xtal	1.33	1.35	1.34	-4.80	-4.74	-4.77
7400	48.50	bio-bio	1.33	1.35	1.34	-4.80	-4.74	-4.77
7400	1.00	xtal-bio	1.33	1.35	1.34	-4.80	-4.74	-4.77
7400	1.50	bio-xtal	1.33	1.35	1.34	-4.80	-4.74	-4.77
7400	97.50	same	1.33	1.35	1.34	-4.80	-4.74	-4.77
7400	2.50	different	1.33	1.35	1.34	-4.80	-4.74	-4.77
7600	45.50	xtal-xtal	1.30	1.33	1.31	-4.74	-4.71	-4.72
7600	48.00	bio-bio	1.30	1.33	1.31	-4.74	-4.71	-4.72
7600	4.50	xtal-bio	1.30	1.33	1.31	-4.74	-4.71	-4.72
7600	2.00	bio-xtal	1.30	1.33	1.31	-4.74	-4.71	-4.72
7600	93.50	same	1.30	1.33	1.31	-4.74	-4.71	-4.72
7600	6.50	different	1.30	1.33	1.31	-4.74	-4.71	-4.72
7800	45.50	xtal-xtal	1.29	1.30	1.30	-4.71	-4.65	-4.68
7800	48.00	bio-bio	1.29	1.30	1.30	-4.71	-4.65	-4.68
7800	4.50	xtal-bio	1.29	1.30	1.30	-4.71	-4.65	-4.68
7800	2.00	bio-xtal	1.29	1.30	1.30	-4.71	-4.65	-4.68
7800	93.50	same	1.29	1.30	1.30	-4.71	-4.65	-4.68
7800	6.50	different	1.29	1.30	1.30	-4.71	-4.65	-4.68
8000	47.50	xtal-xtal	1.26	1.29	1.27	-4.65	-4.61	-4.63
8000	49.00	bio-bio	1.26	1.29	1.27	-4.65	-4.61	-4.63
8000	2.50	xtal-bio	1.26	1.29	1.27	-4.65	-4.61	-4.63
8000	1.00	bio-xtal	1.26	1.29	1.27	-4.65	-4.61	-4.63
8000	96.50	same	1.26	1.29	1.27	-4.65	-4.61	-4.63
8000	3.50	different	1.26	1.29	1.27	-4.65	-4.61	-4.63
8200	48.00	xtal-xtal	1.24	1.26	1.25	-4.61	-4.56	-4.58
8200	48.50	bio-bio	1.24	1.26	1.25	-4.61	-4.56	-4.58
8200	2.00	xtal-bio	1.24	1.26	1.25	-4.61	-4.56	-4.58
8200	1.50	bio-xtal	1.24	1.26	1.25	-4.61	-4.56	-4.58
8200	96.50	same	1.24	1.26	1.25	-4.61	-4.56	-4.58
8200	3.50	different	1.24	1.26	1.25	-4.61	-4.56	-4.58
8400	45.00	xtal-xtal	1.21	1.24	1.22	-4.56	-4.52	-4.54
8400	48.50	bio-bio	1.21	1.24	1.22	-4.56	-4.52	-4.54
8400	5.00	xtal-bio	1.21	1.24	1.22	-4.56	-4.52	-4.54
8400	1.50	bio-xtal	1.21	1.24	1.22	-4.56	-4.52	-4.54
8400	93.50	same	1.21	1.24	1.22	-4.56	-4.52	-4.54
8400	6.50	different	1.21	1.24	1.22	-4.56	-4.52	-4.54
8600	47.50	xtal-xtal	1.19	1.21	1.20	-4.52	-4.48	-4.50
8600	48.00	bio-bio	1.19	1.21	1.20	-4.52	-4.48	-4.50
8600	2.50	xtal-bio	1.19	1.21	1.20	-4.52	-4.48	-4.50
8600	2.00	bio-xtal	1.19	1.21	1.20	-4.52	-4.48	-4.50
8600	95.50	same	1.19	1.21	1.20	-4.52	-4.48	-4.50
8600	4.50	different	1.19	1.21	1.20	-4.52	-4.48	-4.50
8800	48.00	xtal-xtal	1.17	1.19	1.18	-4.48	-4.44	-4.46
8800	48.50	bio-bio	1.17	1.19	1.18	-4.48	-4.44	-4.46
8800	2.00	xtal-bio	1.17	1.19	1.18	-4.48	-4.44	-4.46
8800	1.50	bio-xtal	1.17	1.19	1.18	-4.48	-4.44	-4.46
8800	96.50	same	1.17	1.19	1.18	-4.48	-4.44	-4.46
8800	3.50	different	1.17	1.19	1.18	-4.48	-4.44	-4.46
9000	48.00	xtal-xtal	1.15	1.17	1.16	-4.44	-4.41	-4.42
9000	48.50	bio-bio	1.15	1.17	1.16	-4.44	-4.41	-4.42
9000	2.00	xtal-bio	1.15	1.17	1.16	-4.44	-4.41	-4.42
9000	1.50	bio-xtal	1.15	1.17	1.16	-4.44	-4.41	-4.42
9000	96.50	same	1.15	1.17	1.16	-4.44	-4.41	-4.42
9000	3.50	different	1.15	1.17	1.16	-4.44	-4.41	-4.42
9200	46.50	xtal-xtal	1.13	1.15	1.14	-4.41	-4.37	-4.39
9200	49.00	bio-bio	1.13	1.15	1.14	-4.41	-4.37	-4.39
9200	3.50	xtal-bio	1.13	1.15	1.14	-4.41	-4.37	-4.39
9200	1.00	bio-xtal	1.13	1.15	1.14	-4.41	-4.37	-4.39
9200	95.50	same	1.13	1.15	1.14	-4.41	-4.37	-4.39
9200	4.50	different	1.13	1.15	1.14	-4.41	-4.37	-4.39
9400	44.50	xtal-xtal	1.11	1.13	1.12	-4.37	-4.33	-4.35
9400	49.00	bio-bio	1.11	1.13	1.12	-4.37	-4.33	-4.35
9400	5.50	xtal-bio	1.11	1.13	1.12	-4.37	-4.33	-4.35
9400	1.00	bio-xtal	1.11	1.13	1.12	-4.37	-4.33	-4.35
9400	93.50	same	1.11	1.13	1.12	-4.37	-4.33	-4.35
9400	6.50	different	1.11	1.13	1.12	-4.37	-4.33	-4.35
9600	46.50	xtal-xtal	1.09	1.11	1.10	-4.33	-4.30	-4.32
9600	48.00	bio-bio	1.09	1.11	1.10	-4.33	-4.30	-4.32
9600	3.50	xtal-bio	1.09	1.11	1.10	-4.33	-4.30	-4.32
9600	2.00	bio-xtal	1.09	1.11	1.10	-4.33	-4.30	-4.32
9600	94.50	same	1.09	1.11	1.10	-4.33	-4.30	-4.32
9600	5.50	different	1.09	1.11	1.10	-4.33	-4.30	-4.32
9800	45.50	xtal-xtal	1.07	1.09	1.08	-4.30	-4.26	-4.28
9800	48.50	bio-bio	1.07	1.09	1.08	-4.30	-4.26	-4.28
9800	4.50	xtal-bio	1.07	1.09	1.08	-4.30	-4.26	-4.28
9800	1.50	bio-xtal	1.07	1.09	1.08	-4.30	-4.26	-4.28
9800	94.00	same	1.07	1.09	1.08	-4.30	-4.26	-4.28
9800	6.00	different	1.07	1.09	1.08	-4.30	-4.26	-4.28
10000	46.50	xtal-xtal	1.05	1.07	1.06	-4.26	-4.23	-4.24
10000	47.00	bio-bio	1.05	1.07	1.06	-4.26	-4.23	-4.24
10000	3.50	xtal-bio	1.05	1.07	1.06	-4.26	-4.23	-4.24
10000	3.00	bio-xtal	1.05	1.07	1.06	-4.26	-4.23	-4.24
10000	93.50	same	1.05	1.07	1.06	-4.26	-4.23	-4.24
10000	6.50	different	1.05	1.07	1.06	-4.26	-4.23	-4.24
10200	44.00	xtal-xtal	1.03	1.05	1.04	-4.22	-4.19	-4.21
10200	49.00	bio-bio	1.03	1.05	1.04	-4.22	-4.19	-4.21
10200	6.00	xtal-bio	1.03	1.05	1.04	-4.22	-4.19	-4.21
10200	1.00	bio-xtal	1.03	1.05	1.04	-4.22	-4.19	-4.21
10200	93.00	same	1.03	1.05	1.04	-4.22	-4.19	-4.21
10200	7.00	different	1.03	1.05	1.04	-4.22	-4.19	-4.21
10400	44.50	xtal-xtal	1.01	1.03	1.02	-4.19	-4.17	-4.18
10400	49.50	bio-bio	1.01	1.03	1.02	-4.19	-4.17	-4.18
10400	5.50	xtal-bio	1.01	1.03	1.02	-4.19	-4.17	-4.18
10400	0.50	bio-xtal	1.01	1.03	1.02	-4.19	-4.17	-4.18
10400	94.00	same	1.01	1.03	1.02	-4.19	-4.17	-4.18
10400	6.00	different	1.01	1.03	1.02	-4.19	-4.17	-4.18
10600	47.50	xtal-xtal	0.99	1.01	1.00	-4.17	-4.13	-4.15
10600	47.00	bio-bio	0.99	1.01	1.00	-4.17	-4.13	-4.15
10600	2.50	xtal-bio	0.99	1.01	1.00	-4.17	-4.13	-4.15
10600	3.00	bio-xtal	0.99	1.01	1.00	-4.17	-4.13	-4.15
10600	94.50	same	0.99	1.01	1.00	-4.17	-4.13	-4.15
10600	5.50	different	0.99	1.01	1.00	-4.17	-4.13	-4.15
10800	45.50	xtal-xtal	0.97	0.99	0.98	-4.13	-4.10	-4.12
10800	47.50	bio-bio	0.97	0.99	0.98	-4.13	-4.10	-4.12
10800	4.50	xtal-bio	0.97	0.99	0.98	-4.13	-4.10	-4.12
10800	2.50	bio-xtal	0.97	0.99	0.98	-4.13	-4.10	-4.12
10800	93.00	same	0.97	0.99	0.98	-4.13	-4.10	-4.12
10800	7.00	different	0.97	0.99	0.98	-4.13	-4.10	-4.12
11000	46.50	xtal-xtal	0.95	0.97	0.96	-4.10	-4.07	-4.09
11000	46.50	bio-bio	0.95	0.97	0.96	-4.10	-4.07	-4.09
11000	3.50	xtal-bio	0.95	0.97	0.96	-4.10	-4.07	-4.09
11000	3.50	bio-xtal	0.95	0.97	0.96	-4.10	-4.07	-4.09
11000	93.00	same	0.95	0.97	0.96	-4.10	-4.07	-4.09
11000	7.00	different	0.95	0.97	0.96	-4.10	-4.07	-4.09
11200	45.50	xtal-xtal	0.93	0.95	0.94	-4.07	-4.04	-4.06
11200	47.50	bio-bio	0.93	0.95	0.94	-4.07	-4.04	-4.06
11200	4.50	xtal-bio	0.93	0.95	0.94	-4.07	-4.04	-4.06
11200	2.50	bio-xtal	0.93	0.95	0.94	-4.07	-4.04	-4.06
11200	93.00	same	0.93	0.95	0.94	-4.07	-4.04	-4.06
11200	7.00	different	0.93	0.95	0.94	-4.07	-4.04	-4.06
11400	41.50	xtal-xtal	0.91	0.93	0.92	-4.04	-4.01	-4.02
11400	48.00	bio-bio	0.91	0.93	0.92	-4.04	-4.01	-4.02
11400	8.50	xtal-bio	0.91	0.93	0.92	-4.04	-4.01	-4.02
11400	2.00	bio-xtal	0.91	0.93	0.92	-4.04	-4.01	-4.02
11400	89.50	same	0.91	0.93	0.92	-4.04	-4.01	-4.02
11400	10.50	different	0.91	0.93	0.92	-4.04	-4.01	-4.02
11600	45.00	xtal-xtal	0.89	0.91	0.90	-4.01	-3.98	-3.99
11600	49.00	bio-bio	0.89	0.91	0.90	-4.01	-3.98	-3.99
11600	5.00	xtal-bio	0.89	0.91	0.90	-4.01	-3.98	-3.99
11600	1.00	bio-xtal	0.89	0.91	0.90	-4.01	-3.98	-3.99
11600	94.00	same	0.89	0.91	0.90	-4.01	-3.98	-3.99
11600	6.00	different	0.89	0.91	0.90	-4.01	-3.98	-3.99
11800	44.50	xtal-xtal	0.87	0.89	0.88	-3.98	-3.95	-3.96
11800	47.50	bio-bio	0.87	0.89	0.88	-3.98	-3.95	-3.96
11800	5.50	xtal-bio	0.87	0.89	0.88	-3.98	-3.95	-3.96
11800	2.50	bio-xtal	0.87	0.89	0.88	-3.98	-3.95	-3.96
11800	92.00	same	0.87	0.89	0.88	-3.98	-3.95	-3.96
11800	8.00	different	0.87	0.89	0.88	-3.98	-3.95	-3.96
12000	43.50	xtal-xtal	0.86	0.87	0.86	-3.95	-3.93	-3.93
12000	47.00	bio-bio	0.86	0.87	0.86	-3.95	-3.93	-3.93
12000	6.50	xtal-bio	0.86	0.87	0.86	-3.95	-3.93	-3.93
12000	3.00	bio-xtal	0.86	0.87	0.86	-3.95	-3.93	-3.93
12000	90.50	same	0.86	0.87	0.86	-3.95	-3.93	-3.93
12000	9.50	different	0.86	0.87	0.86	-3.95	-3.93	-3.93
12200	45.00	xtal-xtal	0.83	0.85	0.84	-3.92	-3.90	-3.91
12200	48.00	bio-bio	0.83	0.85	0.84	-3.92	-3.90	-3.91
12200	5.00	xtal-bio	0.83	0.85	0.84	-3.92	-3.90	-3.91
12200	2.00	bio-xtal	0.83	0.85	0.84	-3.92	-3.90	-3.91
12200	93.00	same	0.83	0.85	0.84	-3.92	-3.90	-3.91
12200	7.00	different	0.83	0.85	0.84	-3.92	-3.90	-3.91
12400	44.50	xtal-xtal	0.81	0.83	0.82	-3.89	-3.87	-3.89
12400	47.50	bio-bio	0.81	0.83	0.82	-3.89	-3.87	-3.89
12400	5.50	xtal-bio	0.81	0.83	0.82	-3.89	-3.87	-3.89
12400	2.50	bio-xtal	0.81	0.83	0.82	-3.89	-3.87	-3.89
12400	92.00	same	0.81	0.83	0.82	-3.89	-3.87	-3.89
12400	8.00	different	0.81	0.83	0.82	-3.89	-3.87	-3.89
12600	47.50	xtal-xtal	0.80	0.81	0.81	-3.87	-3.84	-3.86
12600	47.50	bio-bio	0.80	0.81	0.81	-3.87	-3.84	-3.86
12600	2.50	xtal-bio	0.80	0.81	0.81	-3.87	-3.84	-3.86
12600	2.50	bio-xtal	0.80	0.81	0.81	-3.87	-3.84	-3.86
12600	95.00	same	0.80	0.81	0.81	-3.87	-3.84	-3.86
12600	5.00	different	0.80	0.81	0.81	-3.87	-3.84	-3.86
12800	48.50	xtal-xtal	0.78	0.79	0.79	-3.84	-3.82	-3.83
12800	48.50	bio-bio	0.78	0.79	0.79	-3.84	-3.82	-3.83
12800	1.50	xtal-bio	0.78	0.79	0.79	-3.84	-3.82	-3.83
12800	1.50	bio-xtal	0.78	0.79	0.79	-3.84	-3.82	-3.83
12800	97.00	same	0.78	0.79	0.79	-3.84	-3.82	-3.83
12800	3.00	different	0.78	0.79	0.79	-3.84	-3.82	-3.83
13000	47.00	xtal-xtal	0.76	0.78	0.77	-3.82	-3.80	-3.81
13000	48.50	bio-bio	0.76	0.78	0.77	-3.82	-3.80	-3.81
13000	3.00	xtal-bio	0.76	0.78	0.77	-3.82	-3.80	-3.81
13000	1.50	bio-xtal	0.76	0.78	0.77	-3.82	-3.80	-3.81
13000	95.50	same	0.76	0.78	0.77	-3.82	-3.80	-3.81
13000	4.50	different	0.76	0.78	0.77	-3.82	-3.80	-3.81
13200	45.00	xtal-xtal	0.74	0.76	0.75	-3.80	-3.78	-3.79
13200	47.00	bio-bio	0.74	0.76	0.75	-3.80	-3.78	-3.79
13200	5.00	xtal-bio	0.74	0.76	0.75	-3.80	-3.78	-3.79
13200	3.00	bio-xtal	0.74	0.76	0.75	-3.80	-3.78	-3.79
13200	92.00	same	0.74	0.76	0.75	-3.80	-3.78	-3.79
13200	8.00	different	0.74	0.76	0.75	-3.80	-3.78	-3.79
13400	47.00	xtal-xtal	0.72	0.74	0.73	-3.78	-3.75	-3.76
13400	45.00	bio-bio	0.72	0.74	0.73	-3.78	-3.75	-3.76
13400	3.00	xtal-bio	0.72	0.74	0.73	-3.78	-3.75	-3.76
13400	5.00	bio-xtal	0.72	0.74	0.73	-3.78	-3.75	-3.76
13400	92.00	same	0.72	0.74	0.73	-3.78	-3.75	-3.76
13400	8.00	different	0.72	0.74	0.73	-3.78	-3.75	-3.76
13600	45.50	xtal-xtal	0.70	0.72	0.71	-3.75	-3.73	-3.74
13600	46.00	bio-bio	0.70	0.72	0.71	-3.75	-3.73	-3.74
13600	4.50	xtal-bio	0.70	0.72	0.71	-3.75	-3.73	-3.74
13600	4.00	bio-xtal	0.70	0.72	0.71	-3.75	-3.73	-3.74
13600	91.50	same	0.70	0.72	0.71	-3.75	-3.73	-3.74
13600	8.50	different	0.70	0.72	0.71	-3.75	-3.73	-3.74
13800	44.50	xtal-xtal	0.68	0.70	0.69	-3.73	-3.71	-3.72
13800	47.00	bio-bio	0.68	0.70	0.69	-3.73	-3.71	-3.72
13800	5.50	xtal-bio	0.68	0.70	0.69	-3.73	-3.71	-3.72
13800	3.00	bio-xtal	0.68	0.70	0.69	-3.73	-3.71	-3.72
13800	91.50	same	0.68	0.70	0.69	-3.73	-3.71	-3.72
13800	8.50	different	0.68	0.70	0.69	-3.73	-3.71	-3.72
14000	44.50	xtal-xtal	0.66	0.68	0.67	-3.71	-3.69	-3.70
14000	48.00	bio-bio	0.66	0.68	0.67	-3.71	-3.69	-3.70
14000	5.50	xtal-bio	0.66	0.68	0.67	-3.71	-3.69	-3.70
14000	2.00	bio-xtal	0.66	0.68	0.67	-3.71	-3.69	-3.70
14000	92.50	same	0.66	0.68	0.67	-3.71	-3.69	-3.70
14000	7.50	different	0.66	0.68	0.67	-3.71	-3.69	-3.70
14200	44.00	xtal-xtal	0.65	0.66	0.66	-3.69	-3.67	-3.68
14200	48.00	bio-bio	0.65	0.66	0.66	-3.69	-3.67	-3.68
14200	6.00	xtal-bio	0.65	0.66	0.66	-3.69	-3.67	-3.68
14200	2.00	bio-xtal	0.65	0.66	0.66	-3.69	-3.67	-3.68
14200	92.00	same	0.65	0.66	0.66	-3.69	-3.67	-3.68
14200	8.00	different	0.65	0.66	0.66	-3.69	-3.67	-3.68
14400	44.50	xtal-xtal	0.63	0.65	0.64	-3.67	-3.65	-3.66
14400	46.50	bio-bio	0.63	0.65	0.64	-3.67	-3.65	-3.66
14400	5.50	xtal-bio	0.63	0.65	0.64	-3.67	-3.65	-3.66
14400	3.50	bio-xtal	0.63	0.65	0.64	-3.67	-3.65	-3.66
14400	91.00	same	0.63	0.65	0.64	-3.67	-3.65	-3.66
14400	9.00	different	0.63	0.65	0.64	-3.67	-3.65	-3.66
14600	45.50	xtal-xtal	0.61	0.63	0.62	-3.65	-3.63	-3.64
14600	49.00	bio-bio	0.61	0.63	0.62	-3.65	-3.63	-3.64
14600	4.50	xtal-bio	0.61	0.63	0.62	-3.65	-3.63	-3.64
14600	1.00	bio-xtal	0.61	0.63	0.62	-3.65	-3.63	-3.64
14600	94.50	same	0.61	0.63	0.62	-3.65	-3.63	-3.64
14600	5.50	different	0.61	0.63	0.62	-3.65	-3.63	-3.64
14800	46.50	xtal-xtal	0.60	0.61	0.60	-3.63	-3.61	-3.62
14800	49.00	bio-bio	0.60	0.61	0.60	-3.63	-3.61	-3.62
14800	3.50	xtal-bio	0.60	0.61	0.60	-3.63	-3.61	-3.62
14800	1.00	bio-xtal	0.60	0.61	0.60	-3.63	-3.61	-3.62
14800	95.50	same	0.60	0.61	0.60	-3.63	-3.61	-3.62
14800	4.50	different	0.60	0.61	0.60	-3.63	-3.61	-3.62
15000	42.50	xtal-xtal	0.58	0.60	0.59	-3.61	-3.59	-3.60
15000	48.00	bio-bio	0.58	0.60	0.59	-3.61	-3.59	-3.60
15000	7.50	xtal-bio	0.58	0.60	0.59	-3.61	-3.59	-3.60
15000	2.00	bio-xtal	0.58	0.60	0.59	-3.61	-3.59	-3.60
15000	90.50	same	0.58	0.60	0.59	-3.61	-3.59	-3.60
15000	9.50	different	0.58	0.60	0.59	-3.61	-3.59	-3.60
15200	45.00	xtal-xtal	0.56	0.58	0.57	-3.59	-3.56	-3.58
15200	46.00	bio-bio	0.56	0.58	0.57	-3.59	-3.56	-3.58
15200	5.00	xtal-bio	0.56	0.58	0.57	-3.59	-3.56	-3.58
15200	4.00	bio-xtal	0.56	0.58	0.57	-3.59	-3.56	-3.58
15200	91.00	same	0.56	0.58	0.57	-3.59	-3.56	-3.58
15200	9.00	different	0.56	0.58	0.57	-3.59	-3.56	-3.58
15400	46.00	xtal-xtal	0.54	0.56	0.55	-3.56	-3.55	-3.56
15400	47.50	bio-bio	0.54	0.56	0.55	-3.56	-3.55	-3.56
15400	4.00	xtal-bio	0.54	0.56	0.55	-3.56	-3.55	-3.56
15400	2.50	bio-xtal	0.54	0.56	0.55	-3.56	-3.55	-3.56
15400	93.50	same	0.54	0.56	0.55	-3.56	-3.55	-3.56
15400	6.50	different	0.54	0.56	0.55	-3.56	-3.55	-3.56
15600	47.00	xtal-xtal	0.53	0.54	0.54	-3.55	-3.53	-3.54
15600	47.00	bio-bio	0.53	0.54	0.54	-3.55	-3.53	-3.54
15600	3.00	xtal-bio	0.53	0.54	0.54	-3.55	-3.53	-3.54
15600	3.00	bio-xtal	0.53	0.54	0.54	-3.55	-3.53	-3.54
15600	94.00	same	0.53	0.54	0.54	-3.55	-3.53	-3.54
15600	6.00	different	0.53	0.54	0.54	-3.55	-3.53	-3.54
15800	43.00	xtal-xtal	0.51	0.53	0.52	-3.53	-3.51	-3.52
15800	47.00	bio-bio	0.51	0.53	0.52	-3.53	-3.51	-3.52
15800	7.00	xtal-bio	0.51	0.53	0.52	-3.53	-3.51	-3.52
15800	3.00	bio-xtal	0.51	0.53	0.52	-3.53	-3.51	-3.52
15800	90.00	same	0.51	0.53	0.52	-3.53	-3.51	-3.52
15800	10.00	different	0.51	0.53	0.52	-3.53	-3.51	-3.52
16000	42.50	xtal-xtal	0.50	0.51	0.50	-3.51	-3.49	-3.50
16000	47.50	bio-bio	0.50	0.51	0.50	-3.51	-3.49	-3.50
16000	7.50	xtal-bio	0.50	0.51	0.50	-3.51	-3.49	-3.50
16000	2.50	bio-xtal	0.50	0.51	0.50	-3.51	-3.49	-3.50
16000	90.00	same	0.50	0.51	0.50	-3.51	-3.49	-3.50
16000	10.00	different	0.50	0.51	0.50	-3.51	-3.49	-3.50
16200	44.00	xtal-xtal	0.48	0.50	0.49	-3.49	-3.47	-3.48
16200	49.00	bio-bio	0.48	0.50	0.49	-3.49	-3.47	-3.48
16200	6.00	xtal-bio	0.48	0.50	0.49	-3.49	-3.47	-3.48
16200	1.00	bio-xtal	0.48	0.50	0.49	-3.49	-3.47	-3.48
16200	93.00	same	0.48	0.50	0.49	-3.49	-3.47	-3.48
16200	7.00	different	0.48	0.50	0.49	-3.49	-3.47	-3.48
16400	43.50	xtal-xtal	0.46	0.48	0.47	-3.47	-3.45	-3.46
16400	48.50	bio-bio	0.46	0.48	0.47	-3.47	-3.45	-3.46
16400	6.50	xtal-bio	0.46	0.48	0.47	-3.47	-3.45	-3.46
16400	1.50	bio-xtal	0.46	0.48	0.47	-3.47	-3.45	-3.46
16400	92.00	same	0.46	0.48	0.47	-3.47	-3.45	-3.46
16400	8.00	different	0.46	0.48	0.47	-3.47	-3.45	-3.46
16600	42.50	xtal-xtal	0.45	0.46	0.45	-3.45	-3.44	-3.45
16600	45.50	bio-bio	0.45	0.46	0.45	-3.45	-3.44	-3.45
16600	7.50	xtal-bio	0.45	0.46	0.45	-3.45	-3.44	-3.45
16600	4.50	bio-xtal	0.45	0.46	0.45	-3.45	-3.44	-3.45
16600	88.00	same	0.45	0.46	0.45	-3.45	-3.44	-3.45
16600	12.00	different	0.45	0.46	0.45	-3.45	-3.44	-3.45
16800	43.00	xtal-xtal	0.43	0.45	0.44	-3.44	-3.42	-3.43
16800	47.00	bio-bio	0.43	0.45	0.44	-3.44	-3.42	-3.43
16800	7.00	xtal-bio	0.43	0.45	0.44	-3.44	-3.42	-3.43
16800	3.00	bio-xtal	0.43	0.45	0.44	-3.44	-3.42	-3.43
16800	90.00	same	0.43	0.45	0.44	-3.44	-3.42	-3.43
16800	10.00	different	0.43	0.45	0.44	-3.44	-3.42	-3.43
17000	43.00	xtal-xtal	0.41	0.43	0.42	-3.42	-3.40	-3.41
17000	47.50	bio-bio	0.41	0.43	0.42	-3.42	-3.40	-3.41
17000	7.00	xtal-bio	0.41	0.43	0.42	-3.42	-3.40	-3.41
17000	2.50	bio-xtal	0.41	0.43	0.42	-3.42	-3.40	-3.41
17000	90.50	same	0.41	0.43	0.42	-3.42	-3.40	-3.41
17000	9.50	different	0.41	0.43	0.42	-3.42	-3.40	-3.41
17200	42.00	xtal-xtal	0.39	0.41	0.40	-3.40	-3.38	-3.39
17200	48.00	bio-bio	0.39	0.41	0.40	-3.40	-3.38	-3.39
17200	8.00	xtal-bio	0.39	0.41	0.40	-3.40	-3.38	-3.39
17200	2.00	bio-xtal	0.39	0.41	0.40	-3.40	-3.38	-3.39
17200	90.00	same	0.39	0.41	0.40	-3.40	-3.38	-3.39
17200	10.00	different	0.39	0.41	0.40	-3.40	-3.38	-3.39
17400	45.00	xtal-xtal	0.37	0.39	0.38	-3.38	-3.36	-3.37
17400	47.00	bio-bio	0.37	0.39	0.38	-3.38	-3.36	-3.37
17400	5.00	xtal-bio	0.37	0.39	0.38	-3.38	-3.36	-3.37
17400	3.00	bio-xtal	0.37	0.39	0.38	-3.38	-3.36	-3.37
17400	92.00	same	0.37	0.39	0.38	-3.38	-3.36	-3.37
17400	8.00	different	0.37	0.39	0.38	-3.38	-3.36	-3.37
17600	47.50	xtal-xtal	0.36	0.37	0.36	-3.36	-3.34	-3.35
17600	45.50	bio-bio	0.36	0.37	0.36	-3.36	-3.34	-3.35
17600	2.50	xtal-bio	0.36	0.37	0.36	-3.36	-3.34	-3.35
17600	4.50	bio-xtal	0.36	0.37	0.36	-3.36	-3.34	-3.35
17600	93.00	same	0.36	0.37	0.36	-3.36	-3.34	-3.35
17600	7.00	different	0.36	0.37	0.36	-3.36	-3.34	-3.35
17800	46.00	xtal-xtal	0.34	0.36	0.35	-3.34	-3.32	-3.33
17800	47.00	bio-bio	0.34	0.36	0.35	-3.34	-3.32	-3.33
17800	4.00	xtal-bio	0.34	0.36	0.35	-3.34	-3.32	-3.33
17800	3.00	bio-xtal	0.34	0.36	0.35	-3.34	-3.32	-3.33
17800	93.00	same	0.34	0.36	0.35	-3.34	-3.32	-3.33
17800	7.00	different	0.34	0.36	0.35	-3.34	-3.32	-3.33
18000	45.00	xtal-xtal	0.32	0.34	0.33	-3.32	-3.30	-3.31
18000	46.50	bio-bio	0.32	0.34	0.33	-3.32	-3.30	-3.31
18000	5.00	xtal-bio	0.32	0.34	0.33	-3.32	-3.30	-3.31
18000	3.50	bio-xtal	0.32	0.34	0.33	-3.32	-3.30	-3.31
18000	91.50	same	0.32	0.34	0.33	-3.32	-3.30	-3.31
18000	8.50	different	0.32	0.34	0.33	-3.32	-3.30	-3.31
18200	44.00	xtal-xtal	0.30	0.32	0.31	-3.30	-3.28	-3.29
18200	45.50	bio-bio	0.30	0.32	0.31	-3.30	-3.28	-3.29
18200	6.00	xtal-bio	0.30	0.32	0.31	-3.30	-3.28	-3.29
18200	4.50	bio-xtal	0.30	0.32	0.31	-3.30	-3.28	-3.29
18200	89.50	same	0.30	0.32	0.31	-3.30	-3.28	-3.29
18200	10.50	different	0.30	0.32	0.31	-3.30	-3.28	-3.29
18400	45.00	xtal-xtal	0.28	0.30	0.29	-3.28	-3.27	-3.27
18400	46.00	bio-bio	0.28	0.30	0.29	-3.28	-3.27	-3.27
18400	5.00	xtal-bio	0.28	0.30	0.29	-3.28	-3.27	-3.27
18400	4.00	bio-xtal	0.28	0.30	0.29	-3.28	-3.27	-3.27
18400	91.00	same	0.28	0.30	0.29	-3.28	-3.27	-3.27
18400	9.00	different	0.28	0.30	0.29	-3.28	-3.27	-3.27
18600	44.50	xtal-xtal	0.27	0.28	0.28	-3.27	-3.25	-3.26
18600	46.50	bio-bio	0.27	0.28	0.28	-3.27	-3.25	-3.26
18600	5.50	xtal-bio	0.27	0.28	0.28	-3.27	-3.25	-3.26
18600	3.50	bio-xtal	0.27	0.28	0.28	-3.27	-3.25	-3.26
18600	91.00	same	0.27	0.28	0.28	-3.27	-3.25	-3.26
18600	9.00	different	0.27	0.28	0.28	-3.27	-3.25	-3.26
18800	44.50	xtal-xtal	0.25	0.27	0.26	-3.25	-3.23	-3.24
18800	45.50	bio-bio	0.25	0.27	0.26	-3.25	-3.23	-3.24
18800	5.50	xtal-bio	0.25	0.27	0.26	-3.25	-3.23	-3.24
18800	4.50	bio-xtal	0.25	0.27	0.26	-3.25	-3.23	-3.24
18800	90.00	same	0.25	0.27	0.26	-3.25	-3.23	-3.24
18800	10.00	different	0.25	0.27	0.26	-3.25	-3.23	-3.24
19000	44.00	xtal-xtal	0.24	0.25	0.25	-3.23	-3.21	-3.22
19000	45.50	bio-bio	0.24	0.25	0.25	-3.23	-3.21	-3.22
19000	6.00	xtal-bio	0.24	0.25	0.25	-3.23	-3.21	-3.22
19000	4.50	bio-xtal	0.24	0.25	0.25	-3.23	-3.21	-3.22
19000	89.50	same	0.24	0.25	0.25	-3.23	-3.21	-3.22
19000	10.50	different	0.24	0.25	0.25	-3.23	-3.21	-3.22
19200	46.00	xtal-xtal	0.22	0.24	0.23	-3.21	-3.20	-3.21
19200	48.00	bio-bio	0.22	0.24	0.23	-3.21	-3.20	-3.21
19200	4.00	xtal-bio	0.22	0.24	0.23	-3.21	-3.20	-3.21
19200	2.00	bio-xtal	0.22	0.24	0.23	-3.21	-3.20	-3.21
19200	94.00	same	0.22	0.24	0.23	-3.21	-3.20	-3.21
19200	6.00	different	0.22	0.24	0.23	-3.21	-3.20	-3.21
19400	46.00	xtal-xtal	0.21	0.22	0.21	-3.20	-3.18	-3.19
19400	43.00	bio-bio	0.21	0.22	0.21	-3.20	-3.18	-3.19
19400	4.00	xtal-bio	0.21	0.22	0.21	-3.20	-3.18	-3.19
19400	7.00	bio-xtal	0.21	0.22	0.21	-3.20	-3.18	-3.19
19400	89.00	same	0.21	0.22	0.21	-3.20	-3.18	-3.19
19400	11.00	different	0.21	0.22	0.21	-3.20	-3.18	-3.19
19600	44.00	xtal-xtal	0.19	0.21	0.20	-3.18	-3.16	-3.17
19600	44.50	bio-bio	0.19	0.21	0.20	-3.18	-3.16	-3.17
19600	6.00	xtal-bio	0.19	0.21	0.20	-3.18	-3.16	-3.17
19600	5.50	bio-xtal	0.19	0.21	0.20	-3.18	-3.16	-3.17
19600	88.50	same	0.19	0.21	0.20	-3.18	-3.16	-3.17
19600	11.50	different	0.19	0.21	0.20	-3.18	-3.16	-3.17
19800	46.00	xtal-xtal	0.17	0.19	0.18	-3.16	-3.14	-3.15
19800	45.50	bio-bio	0.17	0.19	0.18	-3.16	-3.14	-3.15
19800	4.00	xtal-bio	0.17	0.19	0.18	-3.16	-3.14	-3.15
19800	4.50	bio-xtal	0.17	0.19	0.18	-3.16	-3.14	-3.15
19800	91.50	same	0.17	0.19	0.18	-3.16	-3.14	-3.15
19800	8.50	different	0.17	0.19	0.18	-3.16	-3.14	-3.15
20000	39.50	xtal-xtal	0.15	0.17	0.16	-3.14	-3.13	-3.13
20000	44.50	bio-bio	0.15	0.17	0.16	-3.14	-3.13	-3.13
20000	10.50	xtal-bio	0.15	0.17	0.16	-3.14	-3.13	-3.13
20000	5.50	bio-xtal	0.15	0.17	0.16	-3.14	-3.13	-3.13
20000	84.00	same	0.15	0.17	0.16	-3.14	-3.13	-3.13
20000	16.00	different	0.15	0.17	0.16	-3.14	-3.13	-3.13
20200	39.00	xtal-xtal	0.13	0.15	0.14	-3.12	-3.11	-3.12
20200	44.00	bio-bio	0.13	0.15	0.14	-3.12	-3.11	-3.12
20200	11.00	xtal-bio	0.13	0.15	0.14	-3.12	-3.11	-3.12
20200	6.00	bio-xtal	0.13	0.15	0.14	-3.12	-3.11	-3.12
20200	83.00	same	0.13	0.15	0.14	-3.12	-3.11	-3.12
20200	17.00	different	0.13	0.15	0.14	-3.12	-3.11	-3.12
20400	42.00	xtal-xtal	0.11	0.13	0.12	-3.11	-3.09	-3.10
20400	45.50	bio-bio	0.11	0.13	0.12	-3.11	-3.09	-3.10
20400	8.00	xtal-bio	0.11	0.13	0.12	-3.11	-3.09	-3.10
20400	4.50	bio-xtal	0.11	0.13	0.12	-3.11	-3.09	-3.10
20400	87.50	same	0.11	0.13	0.12	-3.11	-3.09	-3.10
20400	12.50	different	0.11	0.13	0.12	-3.11	-3.09	-3.10
20600	46.00	xtal-xtal	0.10	0.11	0.11	-3.09	-3.07	-3.08
20600	44.00	bio-bio	0.10	0.11	0.11	-3.09	-3.07	-3.08
20600	4.00	xtal-bio	0.10	0.11	0.11	-3.09	-3.07	-3.08
20600	6.00	bio-xtal	0.10	0.11	0.11	-3.09	-3.07	-3.08
20600	90.00	same	0.10	0.11	0.11	-3.09	-3.07	-3.08
20600	10.00	different	0.10	0.11	0.11	-3.09	-3.07	-3.08
20800	43.50	xtal-xtal	0.08	0.10	0.09	-3.07	-3.05	-3.06
20800	45.00	bio-bio	0.08	0.10	0.09	-3.07	-3.05	-3.06
20800	6.50	xtal-bio	0.08	0.10	0.09	-3.07	-3.05	-3.06
20800	5.00	bio-xtal	0.08	0.10	0.09	-3.07	-3.05	-3.06
20800	88.50	same	0.08	0.10	0.09	-3.07	-3.05	-3.06
20800	11.50	different	0.08	0.10	0.09	-3.07	-3.05	-3.06
21000	43.00	xtal-xtal	0.06	0.08	0.07	-3.05	-3.04	-3.05
21000	42.50	bio-bio	0.06	0.08	0.07	-3.05	-3.04	-3.05
21000	7.00	xtal-bio	0.06	0.08	0.07	-3.05	-3.04	-3.05
21000	7.50	bio-xtal	0.06	0.08	0.07	-3.05	-3.04	-3.05
21000	85.50	same	0.06	0.08	0.07	-3.05	-3.04	-3.05
21000	14.50	different	0.06	0.08	0.07	-3.05	-3.04	-3.05
21200	43.00	xtal-xtal	0.04	0.06	0.05	-3.04	-3.02	-3.03
21200	46.00	bio-bio	0.04	0.06	0.05	-3.04	-3.02	-3.03
21200	7.00	xtal-bio	0.04	0.06	0.05	-3.04	-3.02	-3.03
21200	4.00	bio-xtal	0.04	0.06	0.05	-3.04	-3.02	-3.03
21200	89.00	same	0.04	0.06	0.05	-3.04	-3.02	-3.03
21200	11.00	different	0.04	0.06	0.05	-3.04	-3.02	-3.03
21400	40.00	xtal-xtal	0.02	0.04	0.03	-3.02	-3.00	-3.01
21400	46.00	bio-bio	0.02	0.04	0.03	-3.02	-3.00	-3.01
21400	10.00	xtal-bio	0.02	0.04	0.03	-3.02	-3.00	-3.01
21400	4.00	bio-xtal	0.02	0.04	0.03	-3.02	-3.00	-3.01
21400	86.00	same	0.02	0.04	0.03	-3.02	-3.00	-3.01
21400	14.00	different	0.02	0.04	0.03	-3.02	-3.00	-3.01
21600	42.00	xtal-xtal	0.00	0.02	0.01	-3.00	-2.99	-3.00
21600	46.00	bio-bio	0.00	0.02	0.01	-3.00	-2.99	-3.00
21600	8.00	xtal-bio	0.00	0.02	0.01	-3.00	-2.99	-3.00
21600	4.00	bio-xtal	0.00	0.02	0.01	-3.00	-2.99	-3.00
21600	88.00	same	0.00	0.02	0.01	-3.00	-2.99	-3.00
21600	12.00	different	0.00	0.02	0.01	-3.00	-2.99	-3.00
21800	42.50	xtal-xtal	-0.02	0.00	-0.01	-2.99	-2.97	-2.98
21800	46.00	bio-bio	-0.02	0.00	-0.01	-2.99	-2.97	-2.98
21800	7.50	xtal-bio	-0.02	0.00	-0.01	-2.99	-2.97	-2.98
21800	4.00	bio-xtal	-0.02	0.00	-0.01	-2.99	-2.97	-2.98
21800	88.50	same	-0.02	0.00	-0.01	-2.99	-2.97	-2.98
21800	11.50	different	-0.02	0.00	-0.01	-2.99	-2.97	-2.98
22000	42.00	xtal-xtal	-0.04	-0.02	-0.03	-2.97	-2.96	-2.96
22000	46.50	bio-bio	-0.04	-0.02	-0.03	-2.97	-2.96	-2.96
22000	8.00	xtal-bio	-0.04	-0.02	-0.03	-2.97	-2.96	-2.96
22000	3.50	bio-xtal	-0.04	-0.02	-0.03	-2.97	-2.96	-2.96
22000	88.50	same	-0.04	-0.02	-0.03	-2.97	-2.96	-2.96
22000	11.50	different	-0.04	-0.02	-0.03	-2.97	-2.96	-2.96
22200	43.00	xtal-xtal	-0.06	-0.04	-0.05	-2.96	-2.94	-2.95
22200	47.50	bio-bio	-0.06	-0.04	-0.05	-2.96	-2.94	-2.95
22200	7.00	xtal-bio	-0.06	-0.04	-0.05	-2.96	-2.94	-2.95
22200	2.50	bio-xtal	-0.06	-0.04	-0.05	-2.96	-2.94	-2.95
22200	90.50	same	-0.06	-0.04	-0.05	-2.96	-2.94	-2.95
22200	9.50	different	-0.06	-0.04	-0.05	-2.96	-2.94	-2.95
22400	44.50	xtal-xtal	-0.08	-0.06	-0.07	-2.94	-2.92	-2.93
22400	44.00	bio-bio	-0.08	-0.06	-0.07	-2.94	-2.92	-2.93
22400	5.50	xtal-bio	-0.08	-0.06	-0.07	-2.94	-2.92	-2.93
22400	6.00	bio-xtal	-0.08	-0.06	-0.07	-2.94	-2.92	-2.93
22400	88.50	same	-0.08	-0.06	-0.07	-2.94	-2.92	-2.93
22400	11.50	different	-0.08	-0.06	-0.07	-2.94	-2.92	-2.93
22600	42.00	xtal-xtal	-0.09	-0.08	-0.08	-2.92	-2.91	-2.92
22600	45.00	bio-bio	-0.09	-0.08	-0.08	-2.92	-2.91	-2.92
22600	8.00	xtal-bio	-0.09	-0.08	-0.08	-2.92	-2.91	-2.92
22600	5.00	bio-xtal	-0.09	-0.08	-0.08	-2.92	-2.91	-2.92
22600	87.00	same	-0.09	-0.08	-0.08	-2.92	-2.91	-2.92
22600	13.00	different	-0.09	-0.08	-0.08	-2.92	-2.91	-2.92
22800	42.00	xtal-xtal	-0.11	-0.09	-0.10	-2.91	-2.90	-2.90
22800	47.50	bio-bio	-0.11	-0.09	-0.10	-2.91	-2.90	-2.90
22800	8.00	xtal-bio	-0.11	-0.09	-0.10	-2.91	-2.90	-2.90
22800	2.50	bio-xtal	-0.11	-0.09	-0.10	-2.91	-2.90	-2.90
22800	89.50	same	-0.11	-0.09	-0.10	-2.91	-2.90	-2.90
22800	10.50	different	-0.11	-0.09	-0.10	-2.91	-2.90	-2.90
23000	40.50	xtal-xtal	-0.13	-0.11	-0.12	-2.90	-2.88	-2.89
23000	46.00	bio-bio	-0.13	-0.11	-0.12	-2.90	-2.88	-2.89
23000	9.50	xtal-bio	-0.13	-0.11	-0.12	-2.90	-2.88	-2.89
23000	4.00	bio-xtal	-0.13	-0.11	-0.12	-2.90	-2.88	-2.89
23000	86.50	same	-0.13	-0.11	-0.12	-2.90	-2.88	-2.89
23000	13.50	different	-0.13	-0.11	-0.12	-2.90	-2.88	-2.89
23200	40.00	xtal-xtal	-0.15	-0.13	-0.14	-2.88	-2.86	-2.87
23200	47.50	bio-bio	-0.15	-0.13	-0.14	-2.88	-2.86	-2.87
23200	10.00	xtal-bio	-0.15	-0.13	-0.14	-2.88	-2.86	-2.87
23200	2.50	bio-xtal	-0.15	-0.13	-0.14	-2.88	-2.86	-2.87
23200	87.50	same	-0.15	-0.13	-0.14	-2.88	-2.86	-2.87
23200	12.50	different	-0.15	-0.13	-0.14	-2.88	-2.86	-2.87
23400	42.50	xtal-xtal	-0.17	-0.15	-0.16	-2.86	-2.85	-2.86
23400	47.00	bio-bio	-0.17	-0.15	-0.16	-2.86	-2.85	-2.86
23400	7.50	xtal-bio	-0.17	-0.15	-0.16	-2.86	-2.85	-2.86
23400	3.00	bio-xtal	-0.17	-0.15	-0.16	-2.86	-2.85	-2.86
23400	89.50	same	-0.17	-0.15	-0.16	-2.86	-2.85	-2.86
23400	10.50	different	-0.17	-0.15	-0.16	-2.86	-2.85	-2.86
23600	42.50	xtal-xtal	-0.19	-0.17	-0.18	-2.85	-2.83	-2.84
23600	47.00	bio-bio	-0.19	-0.17	-0.18	-2.85	-2.83	-2.84
23600	7.50	xtal-bio	-0.19	-0.17	-0.18	-2.85	-2.83	-2.84
23600	3.00	bio-xtal	-0.19	-0.17	-0.18	-2.85	-2.83	-2.84
23600	89.50	same	-0.19	-0.17	-0.18	-2.85	-2.83	-2.84
23600	10.50	different	-0.19	-0.17	-0.18	-2.85	-2.83	-2.84
23800	44.50	xtal-xtal	-0.21	-0.19	-0.20	-2.83	-2.82	-2.82
23800	49.00	bio-bio	-0.21	-0.19	-0.20	-2.83	-2.82	-2.82
23800	5.50	xtal-bio	-0.21	-0.19	-0.20	-2.83	-2.82	-2.82
23800	1.00	bio-xtal	-0.21	-0.19	-0.20	-2.83	-2.82	-2.82
23800	93.50	same	-0.21	-0.19	-0.20	-2.83	-2.82	-2.82
23800	6.50	different	-0.21	-0.19	-0.20	-2.83	-2.82	-2.82
24000	43.00	xtal-xtal	-0.23	-0.21	-0.22	-2.82	-2.80	-2.81
24000	45.50	bio-bio	-0.23	-0.21	-0.22	-2.82	-2.80	-2.81
24000	7.00	xtal-bio	-0.23	-0.21	-0.22	-2.82	-2.80	-2.81
24000	4.50	bio-xtal	-0.23	-0.21	-0.22	-2.82	-2.80	-2.81
24000	88.50	same	-0.23	-0.21	-0.22	-2.82	-2.80	-2.81
24000	11.50	different	-0.23	-0.21	-0.22	-2.82	-2.80	-2.81
24200	42.00	xtal-xtal	-0.25	-0.23	-0.24	-2.80	-2.79	-2.79
24200	43.50	bio-bio	-0.25	-0.23	-0.24	-2.80	-2.79	-2.79
24200	8.00	xtal-bio	-0.25	-0.23	-0.24	-2.80	-2.79	-2.79
24200	6.50	bio-xtal	-0.25	-0.23	-0.24	-2.80	-2.79	-2.79
24200	85.50	same	-0.25	-0.23	-0.24	-2.80	-2.79	-2.79
24200	14.50	different	-0.25	-0.23	-0.24	-2.80	-2.79	-2.79
24400	40.00	xtal-xtal	-0.27	-0.25	-0.26	-2.79	-2.77	-2.78
24400	46.00	bio-bio	-0.27	-0.25	-0.26	-2.79	-2.77	-2.78
24400	10.00	xtal-bio	-0.27	-0.25	-0.26	-2.79	-2.77	-2.78
24400	4.00	bio-xtal	-0.27	-0.25	-0.26	-2.79	-2.77	-2.78
24400	86.00	same	-0.27	-0.25	-0.26	-2.79	-2.77	-2.78
24400	14.00	different	-0.27	-0.25	-0.26	-2.79	-2.77	-2.78
24600	40.50	xtal-xtal	-0.29	-0.27	-0.28	-2.77	-2.76	-2.77
24600	45.00	bio-bio	-0.29	-0.27	-0.28	-2.77	-2.76	-2.77
24600	9.50	xtal-bio	-0.29	-0.27	-0.28	-2.77	-2.76	-2.77
24600	5.00	bio-xtal	-0.29	-0.27	-0.28	-2.77	-2.76	-2.77
24600	85.50	same	-0.29	-0.27	-0.28	-2.77	-2.76	-2.77
24600	14.50	different	-0.29	-0.27	-0.28	-2.77	-2.76	-2.77
24800	40.50	xtal-xtal	-0.32	-0.29	-0.31	-2.76	-2.74	-2.75
24800	46.00	bio-bio	-0.32	-0.29	-0.31	-2.76	-2.74	-2.75
24800	9.50	xtal-bio	-0.32	-0.29	-0.31	-2.76	-2.74	-2.75
24800	4.00	bio-xtal	-0.32	-0.29	-0.31	-2.76	-2.74	-2.75
24800	86.50	same	-0.32	-0.29	-0.31	-2.76	-2.74	-2.75
24800	13.50	different	-0.32	-0.29	-0.31	-2.76	-2.74	-2.75
25000	41.00	xtal-xtal	-0.35	-0.32	-0.33	-2.74	-2.73	-2.74
25000	46.50	bio-bio	-0.35	-0.32	-0.33	-2.74	-2.73	-2.74
25000	9.00	xtal-bio	-0.35	-0.32	-0.33	-2.74	-2.73	-2.74
25000	3.50	bio-xtal	-0.35	-0.32	-0.33	-2.74	-2.73	-2.74
25000	87.50	same	-0.35	-0.32	-0.33	-2.74	-2.73	-2.74
25000	12.50	different	-0.35	-0.32	-0.33	-2.74	-2.73	-2.74
25200	39.00	xtal-xtal	-0.37	-0.35	-0.36	-2.73	-2.72	-2.72
25200	47.00	bio-bio	-0.37	-0.35	-0.36	-2.73	-2.72	-2.72
25200	11.00	xtal-bio	-0.37	-0.35	-0.36	-2.73	-2.72	-2.72
25200	3.00	bio-xtal	-0.37	-0.35	-0.36	-2.73	-2.72	-2.72
25200	86.00	same	-0.37	-0.35	-0.36	-2.73	-2.72	-2.72
25200	14.00	different	-0.37	-0.35	-0.36	-2.73	-2.72	-2.72
25400	36.50	xtal-xtal	-0.39	-0.37	-0.38	-2.72	-2.71	-2.71
25400	48.00	bio-bio	-0.39	-0.37	-0.38	-2.72	-2.71	-2.71
25400	13.50	xtal-bio	-0.39	-0.37	-0.38	-2.72	-2.71	-2.71
25400	2.00	bio-xtal	-0.39	-0.37	-0.38	-2.72	-2.71	-2.71
25400	84.50	same	-0.39	-0.37	-0.38	-2.72	-2.71	-2.71
25400	15.50	different	-0.39	-0.37	-0.38	-2.72	-2.71	-2.71
25600	36.00	xtal-xtal	-0.42	-0.39	-0.40	-2.71	-2.69	-2.70
25600	46.00	bio-bio	-0.42	-0.39	-0.40	-2.71	-2.69	-2.70
25600	14.00	xtal-bio	-0.42	-0.39	-0.40	-2.71	-2.69	-2.70
25600	4.00	bio-xtal	-0.42	-0.39	-0.40	-2.71	-2.69	-2.70
25600	82.00	same	-0.42	-0.39	-0.40	-2.71	-2.69	-2.70
25600	18.00	different	-0.42	-0.39	-0.40	-2.71	-2.69	-2.70
25800	37.00	xtal-xtal	-0.44	-0.42	-0.43	-2.69	-2.68	-2.69
25800	46.50	bio-bio	-0.44	-0.42	-0.43	-2.69	-2.68	-2.69
25800	13.00	xtal-bio	-0.44	-0.42	-0.43	-2.69	-2.68	-2.69
25800	3.50	bio-xtal	-0.44	-0.42	-0.43	-2.69	-2.68	-2.69
25800	83.50	same	-0.44	-0.42	-0.43	-2.69	-2.68	-2.69
25800	16.50	different	-0.44	-0.42	-0.43	-2.69	-2.68	-2.69
26000	37.50	xtal-xtal	-0.46	-0.44	-0.45	-2.68	-2.67	-2.67
26000	46.50	bio-bio	-0.46	-0.44	-0.45	-2.68	-2.67	-2.67
26000	12.50	xtal-bio	-0.46	-0.44	-0.45	-2.68	-2.67	-2.67
26000	3.50	bio-xtal	-0.46	-0.44	-0.45	-2.68	-2.67	-2.67
26000	84.00	same	-0.46	-0.44	-0.45	-2.68	-2.67	-2.67
26000	16.00	different	-0.46	-0.44	-0.45	-2.68	-2.67	-2.67
26200	35.50	xtal-xtal	-0.48	-0.46	-0.47	-2.67	-2.65	-2.66
26200	46.50	bio-bio	-0.48	-0.46	-0.47	-2.67	-2.65	-2.66
26200	14.50	xtal-bio	-0.48	-0.46	-0.47	-2.67	-2.65	-2.66
26200	3.50	bio-xtal	-0.48	-0.46	-0.47	-2.67	-2.65	-2.66
26200	82.00	same	-0.48	-0.46	-0.47	-2.67	-2.65	-2.66
26200	18.00	different	-0.48	-0.46	-0.47	-2.67	-2.65	-2.66
26400	35.00	xtal-xtal	-0.51	-0.48	-0.49	-2.65	-2.64	-2.65
26400	46.00	bio-bio	-0.51	-0.48	-0.49	-2.65	-2.64	-2.65
26400	15.00	xtal-bio	-0.51	-0.48	-0.49	-2.65	-2.64	-2.65
26400	4.00	bio-xtal	-0.51	-0.48	-0.49	-2.65	-2.64	-2.65
26400	81.00	same	-0.51	-0.48	-0.49	-2.65	-2.64	-2.65
26400	19.00	different	-0.51	-0.48	-0.49	-2.65	-2.64	-2.65
26600	34.50	xtal-xtal	-0.53	-0.51	-0.52	-2.64	-2.62	-2.63
26600	46.50	bio-bio	-0.53	-0.51	-0.52	-2.64	-2.62	-2.63
26600	15.50	xtal-bio	-0.53	-0.51	-0.52	-2.64	-2.62	-2.63
26600	3.50	bio-xtal	-0.53	-0.51	-0.52	-2.64	-2.62	-2.63
26600	81.00	same	-0.53	-0.51	-0.52	-2.64	-2.62	-2.63
26600	19.00	different	-0.53	-0.51	-0.52	-2.64	-2.62	-2.63
26800	30.50	xtal-xtal	-0.56	-0.53	-0.54	-2.62	-2.61	-2.62
26800	45.50	bio-bio	-0.56	-0.53	-0.54	-2.62	-2.61	-2.62
26800	19.50	xtal-bio	-0.56	-0.53	-0.54	-2.62	-2.61	-2.62
26800	4.50	bio-xtal	-0.56	-0.53	-0.54	-2.62	-2.61	-2.62
26800	76.00	same	-0.56	-0.53	-0.54	-2.62	-2.61	-2.62
26800	24.00	different	-0.56	-0.53	-0.54	-2.62	-2.61	-2.62
27000	36.00	xtal-xtal	-0.59	-0.56	-0.58	-2.61	-2.60	-2.60
27000	46.50	bio-bio	-0.59	-0.56	-0.58	-2.61	-2.60	-2.60
27000	14.00	xtal-bio	-0.59	-0.56	-0.58	-2.61	-2.60	-2.60
27000	3.50	bio-xtal	-0.59	-0.56	-0.58	-2.61	-2.60	-2.60
27000	82.50	same	-0.59	-0.56	-0.58	-2.61	-2.60	-2.60
27000	17.50	different	-0.59	-0.56	-0.58	-2.61	-2.60	-2.60
27200	33.50	xtal-xtal	-0.63	-0.59	-0.61	-2.60	-2.58	-2.59
27200	47.00	bio-bio	-0.63	-0.59	-0.61	-2.60	-2.58	-2.59
27200	16.50	xtal-bio	-0.63	-0.59	-0.61	-2.60	-2.58	-2.59
27200	3.00	bio-xtal	-0.63	-0.59	-0.61	-2.60	-2.58	-2.59
27200	80.50	same	-0.63	-0.59	-0.61	-2.60	-2.58	-2.59
27200	19.50	different	-0.63	-0.59	-0.61	-2.60	-2.58	-2.59
27400	33.00	xtal-xtal	-0.66	-0.63	-0.64	-2.58	-2.57	-2.58
27400	45.50	bio-bio	-0.66	-0.63	-0.64	-2.58	-2.57	-2.58
27400	17.00	xtal-bio	-0.66	-0.63	-0.64	-2.58	-2.57	-2.58
27400	4.50	bio-xtal	-0.66	-0.63	-0.64	-2.58	-2.57	-2.58
27400	78.50	same	-0.66	-0.63	-0.64	-2.58	-2.57	-2.58
27400	21.50	different	-0.66	-0.63	-0.64	-2.58	-2.57	-2.58
27600	36.00	xtal-xtal	-0.69	-0.66	-0.67	-2.57	-2.56	-2.56
27600	48.00	bio-bio	-0.69	-0.66	-0.67	-2.57	-2.56	-2.56
27600	14.00	xtal-bio	-0.69	-0.66	-0.67	-2.57	-2.56	-2.56
27600	2.00	bio-xtal	-0.69	-0.66	-0.67	-2.57	-2.56	-2.56
27600	84.00	same	-0.69	-0.66	-0.67	-2.57	-2.56	-2.56
27600	16.00	different	-0.69	-0.66	-0.67	-2.57	-2.56	-2.56
27800	30.50	xtal-xtal	-0.72	-0.69	-0.71	-2.56	-2.54	-2.55
27800	46.00	bio-bio	-0.72	-0.69	-0.71	-2.56	-2.54	-2.55
27800	19.50	xtal-bio	-0.72	-0.69	-0.71	-2.56	-2.54	-2.55
27800	4.00	bio-xtal	-0.72	-0.69	-0.71	-2.56	-2.54	-2.55
27800	76.50	same	-0.72	-0.69	-0.71	-2.56	-2.54	-2.55
27800	23.50	different	-0.72	-0.69	-0.71	-2.56	-2.54	-2.55
28000	32.00	xtal-xtal	-0.76	-0.72	-0.74	-2.54	-2.53	-2.53
28000	46.00	bio-bio	-0.76	-0.72	-0.74	-2.54	-2.53	-2.53
28000	18.00	xtal-bio	-0.76	-0.72	-0.74	-2.54	-2.53	-2.53
28000	4.00	bio-xtal	-0.76	-0.72	-0.74	-2.54	-2.53	-2.53
28000	78.00	same	-0.76	-0.72	-0.74	-2.54	-2.53	-2.53
28000	22.00	different	-0.76	-0.72	-0.74	-2.54	-2.53	-2.53
28200	32.00	xtal-xtal	-0.80	-0.76	-0.78	-2.53	-2.51	-2.52
28200	45.50	bio-bio	-0.80	-0.76	-0.78	-2.53	-2.51	-2.52
28200	18.00	xtal-bio	-0.80	-0.76	-0.78	-2.53	-2.51	-2.52
28200	4.50	bio-xtal	-0.80	-0.76	-0.78	-2.53	-2.51	-2.52
28200	77.50	same	-0.80	-0.76	-0.78	-2.53	-2.51	-2.52
28200	22.50	different	-0.80	-0.76	-0.78	-2.53	-2.51	-2.52
28400	37.00	xtal-xtal	-0.84	-0.80	-0.82	-2.51	-2.49	-2.50
28400	47.00	bio-bio	-0.84	-0.80	-0.82	-2.51	-2.49	-2.50
28400	13.00	xtal-bio	-0.84	-0.80	-0.82	-2.51	-2.49	-2.50
28400	3.00	bio-xtal	-0.84	-0.80	-0.82	-2.51	-2.49	-2.50
28400	84.00	same	-0.84	-0.80	-0.82	-2.51	-2.49	-2.50
28400	16.00	different	-0.84	-0.80	-0.82	-2.51	-2.49	-2.50
28600	36.00	xtal-xtal	-0.89	-0.84	-0.86	-2.49	-2.48	-2.48
28600	47.00	bio-bio	-0.89	-0.84	-0.86	-2.49	-2.48	-2.48
28600	14.00	xtal-bio	-0.89	-0.84	-0.86	-2.49	-2.48	-2.48
28600	3.00	bio-xtal	-0.89	-0.84	-0.86	-2.49	-2.48	-2.48
28600	83.00	same	-0.89	-0.84	-0.86	-2.49	-2.48	-2.48
28600	17.00	different	-0.89	-0.84	-0.86	-2.49	-2.48	-2.48
28800	30.00	xtal-xtal	-0.93	-0.89	-0.91	-2.48	-2.46	-2.47
28800	43.50	bio-bio	-0.93	-0.89	-0.91	-2.48	-2.46	-2.47
28800	20.00	xtal-bio	-0.93	-0.89	-0.91	-2.48	-2.46	-2.47
28800	6.50	bio-xtal	-0.93	-0.89	-0.91	-2.48	-2.46	-2.47
28800	73.50	same	-0.93	-0.89	-0.91	-2.48	-2.46	-2.47
28800	26.50	different	-0.93	-0.89	-0.91	-2.48	-2.46	-2.47
29000	34.50	xtal-xtal	-0.97	-0.93	-0.95	-2.46	-2.44	-2.45
29000	45.50	bio-bio	-0.97	-0.93	-0.95	-2.46	-2.44	-2.45
29000	15.50	xtal-bio	-0.97	-0.93	-0.95	-2.46	-2.44	-2.45
29000	4.50	bio-xtal	-0.97	-0.93	-0.95	-2.46	-2.44	-2.45
29000	80.00	same	-0.97	-0.93	-0.95	-2.46	-2.44	-2.45
29000	20.00	different	-0.97	-0.93	-0.95	-2.46	-2.44	-2.45
29200	14.50	xtal-xtal	-1.02	-0.97	-1.00	-2.44	-2.43	-2.44
29200	65.50	bio-bio	-1.02	-0.97	-1.00	-2.44	-2.43	-2.44
29200	10.50	xtal-bio	-1.02	-0.97	-1.00	-2.44	-2.43	-2.44
29200	9.50	bio-xtal	-1.02	-0.97	-1.00	-2.44	-2.43	-2.44
29200	80.00	same	-1.02	-0.97	-1.00	-2.44	-2.43	-2.44
29200	20.00	different	-1.02	-0.97	-1.00	-2.44	-2.43	-2.44
29400	0.00	xtal-xtal	-1.07	-1.02	-1.04	-2.43	-2.42	-2.42
29400	83.50	bio-bio	-1.07	-1.02	-1.04	-2.43	-2.42	-2.42
29400	0.00	xtal-bio	-1.07	-1.02	-1.04	-2.43	-2.42	-2.42
29400	16.50	bio-xtal	-1.07	-1.02	-1.04	-2.43	-2.42	-2.42
29400	83.50	same	-1.07	-1.02	-1.04	-2.43	-2.42	-2.42
29400	16.50	different	-1.07	-1.02	-1.04	-2.43	-2.42	-2.42
29600	0.00	xtal-xtal	-1.12	-1.07	-1.10	-2.41	-2.40	-2.41
29600	87.50	bio-bio	-1.12	-1.07	-1.10	-2.41	-2.40	-2.41
29600	0.00	xtal-bio	-1.12	-1.07	-1.10	-2.41	-2.40	-2.41
29600	12.50	bio-xtal	-1.12	-1.07	-1.10	-2.41	-2.40	-2.41
29600	87.50	same	-1.12	-1.07	-1.10	-2.41	-2.40	-2.41
29600	12.50	different	-1.12	-1.07	-1.10	-2.41	-2.40	-2.41
29800	0.00	xtal-xtal	-1.16	-1.12	-1.14	-2.40	-2.39	-2.39
29800	83.00	bio-bio	-1.16	-1.12	-1.14	-2.40	-2.39	-2.39
29800	0.00	xtal-bio	-1.16	-1.12	-1.14	-2.40	-2.39	-2.39
29800	17.00	bio-xtal	-1.16	-1.12	-1.14	-2.40	-2.39	-2.39
29800	83.00	same	-1.16	-1.12	-1.14	-2.40	-2.39	-2.39
29800	17.00	different	-1.16	-1.12	-1.14	-2.40	-2.39	-2.39
30000	0.00	xtal-xtal	-1.20	-1.16	-1.18	-2.39	-2.37	-2.38
30000	83.50	bio-bio	-1.20	-1.16	-1.18	-2.39	-2.37	-2.38
30000	0.00	xtal-bio	-1.20	-1.16	-1.18	-2.39	-2.37	-2.38
30000	16.50	bio-xtal	-1.20	-1.16	-1.18	-2.39	-2.37	-2.38
30000	83.50	same	-1.20	-1.16	-1.18	-2.39	-2.37	-2.38
30000	16.50	different	-1.20	-1.16	-1.18	-2.39	-2.37	-2.38
30200	0.00	xtal-xtal	-1.23	-1.20	-1.22	-2.37	-2.35	-2.36
30200	85.50	bio-bio	-1.23	-1.20	-1.22	-2.37	-2.35	-2.36
30200	0.00	xtal-bio	-1.23	-1.20	-1.22	-2.37	-2.35	-2.36
30200	14.50	bio-xtal	-1.23	-1.20	-1.22	-2.37	-2.35	-2.36
30200	85.50	same	-1.23	-1.20	-1.22	-2.37	-2.35	-2.36
30200	14.50	different	-1.23	-1.20	-1.22	-2.37	-2.35	-2.36
30400	0.00	xtal-xtal	-1.26	-1.23	-1.25	-2.35	-2.34	-2.35
30400	87.00	bio-bio	-1.26	-1.23	-1.25	-2.35	-2.34	-2.35
30400	0.00	xtal-bio	-1.26	-1.23	-1.25	-2.35	-2.34	-2.35
30400	13.00	bio-xtal	-1.26	-1.23	-1.25	-2.35	-2.34	-2.35
30400	87.00	same	-1.26	-1.23	-1.25	-2.35	-2.34	-2.35
30400	13.00	different	-1.26	-1.23	-1.25	-2.35	-2.34	-2.35
30600	0.00	xtal-xtal	-1.30	-1.26	-1.28	-2.34	-2.32	-2.33
30600	85.00	bio-bio	-1.30	-1.26	-1.28	-2.34	-2.32	-2.33
30600	0.00	xtal-bio	-1.30	-1.26	-1.28	-2.34	-2.32	-2.33
30600	15.00	bio-xtal	-1.30	-1.26	-1.28	-2.34	-2.32	-2.33
30600	85.00	same	-1.30	-1.26	-1.28	-2.34	-2.32	-2.33
30600	15.00	different	-1.30	-1.26	-1.28	-2.34	-2.32	-2.33
30800	0.00	xtal-xtal	-1.32	-1.30	-1.31	-2.32	-2.31	-2.32
30800	88.50	bio-bio	-1.32	-1.30	-1.31	-2.32	-2.31	-2.32
30800	0.00	xtal-bio	-1.32	-1.30	-1.31	-2.32	-2.31	-2.32
30800	11.50	bio-xtal	-1.32	-1.30	-1.31	-2.32	-2.31	-2.32
30800	88.50	same	-1.32	-1.30	-1.31	-2.32	-2.31	-2.32
30800	11.50	different	-1.32	-1.30	-1.31	-2.32	-2.31	-2.32
31000	0.00	xtal-xtal	-1.35	-1.32	-1.34	-2.31	-2.30	-2.30
31000	88.50	bio-bio	-1.35	-1.32	-1.34	-2.31	-2.30	-2.30
31000	0.00	xtal-bio	-1.35	-1.32	-1.34	-2.31	-2.30	-2.30
31000	11.50	bio-xtal	-1.35	-1.32	-1.34	-2.31	-2.30	-2.30
31000	88.50	same	-1.35	-1.32	-1.34	-2.31	-2.30	-2.30
31000	11.50	different	-1.35	-1.32	-1.34	-2.31	-2.30	-2.30
31200	0.00	xtal-xtal	-1.38	-1.35	-1.36	-2.30	-2.28	-2.29
31200	87.00	bio-bio	-1.38	-1.35	-1.36	-2.30	-2.28	-2.29
31200	0.00	xtal-bio	-1.38	-1.35	-1.36	-2.30	-2.28	-2.29
31200	13.00	bio-xtal	-1.38	-1.35	-1.36	-2.30	-2.28	-2.29
31200	87.00	same	-1.38	-1.35	-1.36	-2.30	-2.28	-2.29
31200	13.00	different	-1.38	-1.35	-1.36	-2.30	-2.28	-2.29
31400	0.00	xtal-xtal	-1.40	-1.38	-1.39	-2.28	-2.27	-2.27
31400	85.50	bio-bio	-1.40	-1.38	-1.39	-2.28	-2.27	-2.27
31400	0.00	xtal-bio	-1.40	-1.38	-1.39	-2.28	-2.27	-2.27
31400	14.50	bio-xtal	-1.40	-1.38	-1.39	-2.28	-2.27	-2.27
31400	85.50	same	-1.40	-1.38	-1.39	-2.28	-2.27	-2.27
31400	14.50	different	-1.40	-1.38	-1.39	-2.28	-2.27	-2.27
31600	0.00	xtal-xtal	-1.43	-1.40	-1.42	-2.26	-2.25	-2.26
31600	88.50	bio-bio	-1.43	-1.40	-1.42	-2.26	-2.25	-2.26
31600	0.00	xtal-bio	-1.43	-1.40	-1.42	-2.26	-2.25	-2.26
31600	11.50	bio-xtal	-1.43	-1.40	-1.42	-2.26	-2.25	-2.26
31600	88.50	same	-1.43	-1.40	-1.42	-2.26	-2.25	-2.26
31600	11.50	different	-1.43	-1.40	-1.42	-2.26	-2.25	-2.26
31800	0.00	xtal-xtal	-1.45	-1.43	-1.44	-2.25	-2.23	-2.24
31800	85.00	bio-bio	-1.45	-1.43	-1.44	-2.25	-2.23	-2.24
31800	0.00	xtal-bio	-1.45	-1.43	-1.44	-2.25	-2.23	-2.24
31800	15.00	bio-xtal	-1.45	-1.43	-1.44	-2.25	-2.23	-2.24
31800	85.00	same	-1.45	-1.43	-1.44	-2.25	-2.23	-2.24
31800	15.00	different	-1.45	-1.43	-1.44	-2.25	-2.23	-2.24
32000	0.00	xtal-xtal	-1.48	-1.46	-1.47	-2.23	-2.22	-2.22
32000	90.00	bio-bio	-1.48	-1.46	-1.47	-2.23	-2.22	-2.22
32000	0.00	xtal-bio	-1.48	-1.46	-1.47	-2.23	-2.22	-2.22
32000	10.00	bio-xtal	-1.48	-1.46	-1.47	-2.23	-2.22	-2.22
32000	90.00	same	-1.48	-1.46	-1.47	-2.23	-2.22	-2.22
32000	10.00	different	-1.48	-1.46	-1.47	-2.23	-2.22	-2.22
32200	0.00	xtal-xtal	-1.50	-1.48	-1.49	-2.22	-2.20	-2.21
32200	90.50	bio-bio	-1.50	-1.48	-1.49	-2.22	-2.20	-2.21
32200	0.00	xtal-bio	-1.50	-1.48	-1.49	-2.22	-2.20	-2.21
32200	9.50	bio-xtal	-1.50	-1.48	-1.49	-2.22	-2.20	-2.21
32200	90.50	same	-1.50	-1.48	-1.49	-2.22	-2.20	-2.21
32200	9.50	different	-1.50	-1.48	-1.49	-2.22	-2.20	-2.21
32400	0.00	xtal-xtal	-1.53	-1.50	-1.52	-2.20	-2.18	-2.19
32400	89.50	bio-bio	-1.53	-1.50	-1.52	-2.20	-2.18	-2.19
32400	0.00	xtal-bio	-1.53	-1.50	-1.52	-2.20	-2.18	-2.19
32400	10.50	bio-xtal	-1.53	-1.50	-1.52	-2.20	-2.18	-2.19
32400	89.50	same	-1.53	-1.50	-1.52	-2.20	-2.18	-2.19
32400	10.50	different	-1.53	-1.50	-1.52	-2.20	-2.18	-2.19
32600	0.00	xtal-xtal	-1.55	-1.53	-1.54	-2.18	-2.17	-2.17
32600	90.50	bio-bio	-1.55	-1.53	-1.54	-2.18	-2.17	-2.17
32600	0.00	xtal-bio	-1.55	-1.53	-1.54	-2.18	-2.17	-2.17
32600	9.50	bio-xtal	-1.55	-1.53	-1.54	-2.18	-2.17	-2.17
32600	90.50	same	-1.55	-1.53	-1.54	-2.18	-2.17	-2.17
32600	9.50	different	-1.55	-1.53	-1.54	-2.18	-2.17	-2.17
32800	0.00	xtal-xtal	-1.58	-1.55	-1.57	-2.17	-2.15	-2.16
32800	90.00	bio-bio	-1.58	-1.55	-1.57	-2.17	-2.15	-2.16
32800	0.00	xtal-bio	-1.58	-1.55	-1.57	-2.17	-2.15	-2.16
32800	10.00	bio-xtal	-1.58	-1.55	-1.57	-2.17	-2.15	-2.16
32800	90.00	same	-1.58	-1.55	-1.57	-2.17	-2.15	-2.16
32800	10.00	different	-1.58	-1.55	-1.57	-2.17	-2.15	-2.16
33000	0.00	xtal-xtal	-1.60	-1.58	-1.59	-2.15	-2.13	-2.14
33000	84.00	bio-bio	-1.60	-1.58	-1.59	-2.15	-2.13	-2.14
33000	0.00	xtal-bio	-1.60	-1.58	-1.59	-2.15	-2.13	-2.14
33000	16.00	bio-xtal	-1.60	-1.58	-1.59	-2.15	-2.13	-2.14
33000	84.00	same	-1.60	-1.58	-1.59	-2.15	-2.13	-2.14
33000	16.00	different	-1.60	-1.58	-1.59	-2.15	-2.13	-2.14
33200	0.00	xtal-xtal	-1.63	-1.60	-1.61	-2.13	-2.11	-2.12
33200	87.50	bio-bio	-1.63	-1.60	-1.61	-2.13	-2.11	-2.12
33200	0.00	xtal-bio	-1.63	-1.60	-1.61	-2.13	-2.11	-2.12
33200	12.50	bio-xtal	-1.63	-1.60	-1.61	-2.13	-2.11	-2.12
33200	87.50	same	-1.63	-1.60	-1.61	-2.13	-2.11	-2.12
33200	12.50	different	-1.63	-1.60	-1.61	-2.13	-2.11	-2.12
33400	0.00	xtal-xtal	-1.65	-1.63	-1.64	-2.11	-2.09	-2.10
33400	92.50	bio-bio	-1.65	-1.63	-1.64	-2.11	-2.09	-2.10
33400	0.00	xtal-bio	-1.65	-1.63	-1.64	-2.11	-2.09	-2.10
33400	7.50	bio-xtal	-1.65	-1.63	-1.64	-2.11	-2.09	-2.10
33400	92.50	same	-1.65	-1.63	-1.64	-2.11	-2.09	-2.10
33400	7.50	different	-1.65	-1.63	-1.64	-2.11	-2.09	-2.10
33600	0.00	xtal-xtal	-1.67	-1.65	-1.66	-2.09	-2.08	-2.08
33600	89.00	bio-bio	-1.67	-1.65	-1.66	-2.09	-2.08	-2.08
33600	0.00	xtal-bio	-1.67	-1.65	-1.66	-2.09	-2.08	-2.08
33600	11.00	bio-xtal	-1.67	-1.65	-1.66	-2.09	-2.08	-2.08
33600	89.00	same	-1.67	-1.65	-1.66	-2.09	-2.08	-2.08
33600	11.00	different	-1.67	-1.65	-1.66	-2.09	-2.08	-2.08
33800	0.00	xtal-xtal	-1.70	-1.67	-1.69	-2.07	-2.06	-2.07
33800	91.00	bio-bio	-1.70	-1.67	-1.69	-2.07	-2.06	-2.07
33800	0.00	xtal-bio	-1.70	-1.67	-1.69	-2.07	-2.06	-2.07
33800	9.00	bio-xtal	-1.70	-1.67	-1.69	-2.07	-2.06	-2.07
33800	91.00	same	-1.70	-1.67	-1.69	-2.07	-2.06	-2.07
33800	9.00	different	-1.70	-1.67	-1.69	-2.07	-2.06	-2.07
34000	0.00	xtal-xtal	-1.72	-1.70	-1.71	-2.06	-2.04	-2.05
34000	88.00	bio-bio	-1.72	-1.70	-1.71	-2.06	-2.04	-2.05
34000	0.00	xtal-bio	-1.72	-1.70	-1.71	-2.06	-2.04	-2.05
34000	12.00	bio-xtal	-1.72	-1.70	-1.71	-2.06	-2.04	-2.05
34000	88.00	same	-1.72	-1.70	-1.71	-2.06	-2.04	-2.05
34000	12.00	different	-1.72	-1.70	-1.71	-2.06	-2.04	-2.05
34200	0.00	xtal-xtal	-1.74	-1.72	-1.73	-2.04	-2.02	-2.03
34200	87.00	bio-bio	-1.74	-1.72	-1.73	-2.04	-2.02	-2.03
34200	0.00	xtal-bio	-1.74	-1.72	-1.73	-2.04	-2.02	-2.03
34200	13.00	bio-xtal	-1.74	-1.72	-1.73	-2.04	-2.02	-2.03
34200	87.00	same	-1.74	-1.72	-1.73	-2.04	-2.02	-2.03
34200	13.00	different	-1.74	-1.72	-1.73	-2.04	-2.02	-2.03
34400	0.00	xtal-xtal	-1.77	-1.74	-1.76	-2.02	-2.00	-2.01
34400	88.00	bio-bio	-1.77	-1.74	-1.76	-2.02	-2.00	-2.01
34400	0.00	xtal-bio	-1.77	-1.74	-1.76	-2.02	-2.00	-2.01
34400	12.00	bio-xtal	-1.77	-1.74	-1.76	-2.02	-2.00	-2.01
34400	88.00	same	-1.77	-1.74	-1.76	-2.02	-2.00	-2.01
34400	12.00	different	-1.77	-1.74	-1.76	-2.02	-2.00	-2.01
34600	0.00	xtal-xtal	-1.78	-1.77	-1.78	-2.00	-1.98	-1.99
34600	92.00	bio-bio	-1.78	-1.77	-1.78	-2.00	-1.98	-1.99
34600	0.00	xtal-bio	-1.78	-1.77	-1.78	-2.00	-1.98	-1.99
34600	8.00	bio-xtal	-1.78	-1.77	-1.78	-2.00	-1.98	-1.99
34600	92.00	same	-1.78	-1.77	-1.78	-2.00	-1.98	-1.99
34600	8.00	different	-1.78	-1.77	-1.78	-2.00	-1.98	-1.99
34800	0.00	xtal-xtal	-1.80	-1.78	-1.79	-1.98	-1.96	-1.97
34800	90.50	bio-bio	-1.80	-1.78	-1.79	-1.98	-1.96	-1.97
34800	0.00	xtal-bio	-1.80	-1.78	-1.79	-1.98	-1.96	-1.97
34800	9.50	bio-xtal	-1.80	-1.78	-1.79	-1.98	-1.96	-1.97
34800	90.50	same	-1.80	-1.78	-1.79	-1.98	-1.96	-1.97
34800	9.50	different	-1.80	-1.78	-1.79	-1.98	-1.96	-1.97
35000	0.00	xtal-xtal	-1.82	-1.80	-1.81	-1.96	-1.95	-1.96
35000	89.50	bio-bio	-1.82	-1.80	-1.81	-1.96	-1.95	-1.96
35000	0.00	xtal-bio	-1.82	-1.80	-1.81	-1.96	-1.95	-1.96
35000	10.50	bio-xtal	-1.82	-1.80	-1.81	-1.96	-1.95	-1.96
35000	89.50	same	-1.82	-1.80	-1.81	-1.96	-1.95	-1.96
35000	10.50	different	-1.82	-1.80	-1.81	-1.96	-1.95	-1.96
35200	0.00	xtal-xtal	-1.84	-1.82	-1.83	-1.95	-1.92	-1.93
35200	94.50	bio-bio	-1.84	-1.82	-1.83	-1.95	-1.92	-1.93
35200	0.00	xtal-bio	-1.84	-1.82	-1.83	-1.95	-1.92	-1.93
35200	5.50	bio-xtal	-1.84	-1.82	-1.83	-1.95	-1.92	-1.93
35200	94.50	same	-1.84	-1.82	-1.83	-1.95	-1.92	-1.93
35200	5.50	different	-1.84	-1.82	-1.83	-1.95	-1.92	-1.93
35400	0.00	xtal-xtal	-1.86	-1.84	-1.85	-1.92	-1.90	-1.91
35400	92.00	bio-bio	-1.86	-1.84	-1.85	-1.92	-1.90	-1.91
35400	0.00	xtal-bio	-1.86	-1.84	-1.85	-1.92	-1.90	-1.91
35400	8.00	bio-xtal	-1.86	-1.84	-1.85	-1.92	-1.90	-1.91
35400	92.00	same	-1.86	-1.84	-1.85	-1.92	-1.90	-1.91
35400	8.00	different	-1.86	-1.84	-1.85	-1.92	-1.90	-1.91
35600	0.00	xtal-xtal	-1.87	-1.86	-1.87	-1.90	-1.88	-1.89
35600	89.50	bio-bio	-1.87	-1.86	-1.87	-1.90	-1.88	-1.89
35600	0.00	xtal-bio	-1.87	-1.86	-1.87	-1.90	-1.88	-1.89
35600	10.50	bio-xtal	-1.87	-1.86	-1.87	-1.90	-1.88	-1.89
35600	89.50	same	-1.87	-1.86	-1.87	-1.90	-1.88	-1.89
35600	10.50	different	-1.87	-1.86	-1.87	-1.90	-1.88	-1.89
