datapoints	percentage	call	xmin	xmax	xmean	bmin	bmax	bmean
200	45.00	xtal-xtal	3.82	11.89	4.67	-18.66	-11.22	-13.68
200	50.00	bio-bio	3.82	11.89	4.67	-18.66	-11.22	-13.68
200	5.00	xtal-bio	3.82	11.89	4.67	-18.66	-11.22	-13.68
200	0.00	bio-xtal	3.82	11.89	4.67	-18.66	-11.22	-13.68
200	95.00	same	3.82	11.89	4.67	-18.66	-11.22	-13.68
200	5.00	different	3.82	11.89	4.67	-18.66	-11.22	-13.68
400	45.50	xtal-xtal	3.30	11.89	4.12	-18.66	-9.89	-12.04
400	49.50	bio-bio	3.30	11.89	4.12	-18.66	-9.89	-12.04
400	4.50	xtal-bio	3.30	11.89	4.12	-18.66	-9.89	-12.04
400	0.50	bio-xtal	3.30	11.89	4.12	-18.66	-9.89	-12.04
400	95.00	same	3.30	11.89	4.12	-18.66	-9.89	-12.04
400	5.00	different	3.30	11.89	4.12	-18.66	-9.89	-12.04
600	45.50	xtal-xtal	3.07	11.89	3.80	-18.66	-9.26	-11.21
600	49.67	bio-bio	3.07	11.89	3.80	-18.66	-9.26	-11.21
600	4.50	xtal-bio	3.07	11.89	3.80	-18.66	-9.26	-11.21
600	0.33	bio-xtal	3.07	11.89	3.80	-18.66	-9.26	-11.21
600	95.17	same	3.07	11.89	3.80	-18.66	-9.26	-11.21
600	4.83	different	3.07	11.89	3.80	-18.66	-9.26	-11.21
800	45.62	xtal-xtal	2.91	11.89	3.60	-18.66	-8.81	-10.67
800	49.38	bio-bio	2.91	11.89	3.60	-18.66	-8.81	-10.67
800	4.38	xtal-bio	2.91	11.89	3.60	-18.66	-8.81	-10.67
800	0.62	bio-xtal	2.91	11.89	3.60	-18.66	-8.81	-10.67
800	95.00	same	2.91	11.89	3.60	-18.66	-8.81	-10.67
800	5.00	different	2.91	11.89	3.60	-18.66	-8.81	-10.67
1000	45.20	xtal-xtal	2.79	11.89	3.45	-18.66	-8.43	-10.25
1000	49.30	bio-bio	2.79	11.89	3.45	-18.66	-8.43	-10.25
1000	4.80	xtal-bio	2.79	11.89	3.45	-18.66	-8.43	-10.25
1000	0.70	bio-xtal	2.79	11.89	3.45	-18.66	-8.43	-10.25
1000	94.50	same	2.79	11.89	3.45	-18.66	-8.43	-10.25
1000	5.50	different	2.79	11.89	3.45	-18.66	-8.43	-10.25
1200	45.75	xtal-xtal	2.69	11.89	3.33	-18.66	-8.13	-9.92
1200	49.25	bio-bio	2.69	11.89	3.33	-18.66	-8.13	-9.92
1200	4.25	xtal-bio	2.69	11.89	3.33	-18.66	-8.13	-9.92
1200	0.75	bio-xtal	2.69	11.89	3.33	-18.66	-8.13	-9.92
1200	95.00	same	2.69	11.89	3.33	-18.66	-8.13	-9.92
1200	5.00	different	2.69	11.89	3.33	-18.66	-8.13	-9.92
1400	46.00	xtal-xtal	2.60	11.89	3.23	-18.66	-7.82	-9.64
1400	49.00	bio-bio	2.60	11.89	3.23	-18.66	-7.82	-9.64
1400	4.00	xtal-bio	2.60	11.89	3.23	-18.66	-7.82	-9.64
1400	1.00	bio-xtal	2.60	11.89	3.23	-18.66	-7.82	-9.64
1400	95.00	same	2.60	11.89	3.23	-18.66	-7.82	-9.64
1400	5.00	different	2.60	11.89	3.23	-18.66	-7.82	-9.64
1600	45.94	xtal-xtal	2.52	11.89	3.15	-18.66	-7.51	-9.40
1600	49.00	bio-bio	2.52	11.89	3.15	-18.66	-7.51	-9.40
1600	4.06	xtal-bio	2.52	11.89	3.15	-18.66	-7.51	-9.40
1600	1.00	bio-xtal	2.52	11.89	3.15	-18.66	-7.51	-9.40
1600	94.94	same	2.52	11.89	3.15	-18.66	-7.51	-9.40
1600	5.06	different	2.52	11.89	3.15	-18.66	-7.51	-9.40
1800	45.94	xtal-xtal	2.44	11.89	3.07	-18.66	-7.28	-9.17
1800	49.00	bio-bio	2.44	11.89	3.07	-18.66	-7.28	-9.17
1800	4.06	xtal-bio	2.44	11.89	3.07	-18.66	-7.28	-9.17
1800	1.00	bio-xtal	2.44	11.89	3.07	-18.66	-7.28	-9.17
1800	94.94	same	2.44	11.89	3.07	-18.66	-7.28	-9.17
1800	5.06	different	2.44	11.89	3.07	-18.66	-7.28	-9.17
2000	46.20	xtal-xtal	2.38	11.89	3.01	-18.66	-7.10	-8.97
2000	49.10	bio-bio	2.38	11.89	3.01	-18.66	-7.10	-8.97
2000	3.80	xtal-bio	2.38	11.89	3.01	-18.66	-7.10	-8.97
2000	0.90	bio-xtal	2.38	11.89	3.01	-18.66	-7.10	-8.97
2000	95.30	same	2.38	11.89	3.01	-18.66	-7.10	-8.97
2000	4.70	different	2.38	11.89	3.01	-18.66	-7.10	-8.97
2200	46.23	xtal-xtal	2.33	11.89	2.95	-18.66	-7.00	-8.80
2200	49.18	bio-bio	2.33	11.89	2.95	-18.66	-7.00	-8.80
2200	3.77	xtal-bio	2.33	11.89	2.95	-18.66	-7.00	-8.80
2200	0.82	bio-xtal	2.33	11.89	2.95	-18.66	-7.00	-8.80
2200	95.41	same	2.33	11.89	2.95	-18.66	-7.00	-8.80
2200	4.59	different	2.33	11.89	2.95	-18.66	-7.00	-8.80
2400	46.38	xtal-xtal	2.27	11.89	2.89	-18.66	-6.89	-8.64
2400	49.21	bio-bio	2.27	11.89	2.89	-18.66	-6.89	-8.64
2400	3.62	xtal-bio	2.27	11.89	2.89	-18.66	-6.89	-8.64
2400	0.79	bio-xtal	2.27	11.89	2.89	-18.66	-6.89	-8.64
2400	95.58	same	2.27	11.89	2.89	-18.66	-6.89	-8.64
2400	4.42	different	2.27	11.89	2.89	-18.66	-6.89	-8.64
2600	46.15	xtal-xtal	2.22	11.89	2.84	-18.66	-6.77	-8.51
2600	49.23	bio-bio	2.22	11.89	2.84	-18.66	-6.77	-8.51
2600	3.85	xtal-bio	2.22	11.89	2.84	-18.66	-6.77	-8.51
2600	0.77	bio-xtal	2.22	11.89	2.84	-18.66	-6.77	-8.51
2600	95.38	same	2.22	11.89	2.84	-18.66	-6.77	-8.51
2600	4.62	different	2.22	11.89	2.84	-18.66	-6.77	-8.51
2800	46.14	xtal-xtal	2.17	11.89	2.80	-18.66	-6.64	-8.38
2800	49.25	bio-bio	2.17	11.89	2.80	-18.66	-6.64	-8.38
2800	3.86	xtal-bio	2.17	11.89	2.80	-18.66	-6.64	-8.38
2800	0.75	bio-xtal	2.17	11.89	2.80	-18.66	-6.64	-8.38
2800	95.39	same	2.17	11.89	2.80	-18.66	-6.64	-8.38
2800	4.61	different	2.17	11.89	2.80	-18.66	-6.64	-8.38
3000	46.20	xtal-xtal	2.12	11.89	2.75	-18.66	-6.48	-8.26
3000	49.17	bio-bio	2.12	11.89	2.75	-18.66	-6.48	-8.26
3000	3.80	xtal-bio	2.12	11.89	2.75	-18.66	-6.48	-8.26
3000	0.83	bio-xtal	2.12	11.89	2.75	-18.66	-6.48	-8.26
3000	95.37	same	2.12	11.89	2.75	-18.66	-6.48	-8.26
3000	4.63	different	2.12	11.89	2.75	-18.66	-6.48	-8.26
3200	46.19	xtal-xtal	2.08	11.89	2.71	-18.66	-6.34	-8.14
3200	49.16	bio-bio	2.08	11.89	2.71	-18.66	-6.34	-8.14
3200	3.81	xtal-bio	2.08	11.89	2.71	-18.66	-6.34	-8.14
3200	0.84	bio-xtal	2.08	11.89	2.71	-18.66	-6.34	-8.14
3200	95.34	same	2.08	11.89	2.71	-18.66	-6.34	-8.14
3200	4.66	different	2.08	11.89	2.71	-18.66	-6.34	-8.14
3400	46.21	xtal-xtal	2.04	11.89	2.67	-18.66	-6.22	-8.03
3400	49.12	bio-bio	2.04	11.89	2.67	-18.66	-6.22	-8.03
3400	3.79	xtal-bio	2.04	11.89	2.67	-18.66	-6.22	-8.03
3400	0.88	bio-xtal	2.04	11.89	2.67	-18.66	-6.22	-8.03
3400	95.32	same	2.04	11.89	2.67	-18.66	-6.22	-8.03
3400	4.68	different	2.04	11.89	2.67	-18.66	-6.22	-8.03
3600	46.28	xtal-xtal	2.00	11.89	2.64	-18.66	-6.10	-7.93
3600	49.06	bio-bio	2.00	11.89	2.64	-18.66	-6.10	-7.93
3600	3.72	xtal-bio	2.00	11.89	2.64	-18.66	-6.10	-7.93
3600	0.94	bio-xtal	2.00	11.89	2.64	-18.66	-6.10	-7.93
3600	95.33	same	2.00	11.89	2.64	-18.66	-6.10	-7.93
3600	4.67	different	2.00	11.89	2.64	-18.66	-6.10	-7.93
3800	46.34	xtal-xtal	1.96	11.89	2.60	-18.66	-5.97	-7.83
3800	49.05	bio-bio	1.96	11.89	2.60	-18.66	-5.97	-7.83
3800	3.66	xtal-bio	1.96	11.89	2.60	-18.66	-5.97	-7.83
3800	0.95	bio-xtal	1.96	11.89	2.60	-18.66	-5.97	-7.83
3800	95.39	same	1.96	11.89	2.60	-18.66	-5.97	-7.83
3800	4.61	different	1.96	11.89	2.60	-18.66	-5.97	-7.83
4000	46.38	xtal-xtal	1.91	11.89	2.57	-18.66	-5.87	-7.73
4000	49.02	bio-bio	1.91	11.89	2.57	-18.66	-5.87	-7.73
4000	3.62	xtal-bio	1.91	11.89	2.57	-18.66	-5.87	-7.73
4000	0.97	bio-xtal	1.91	11.89	2.57	-18.66	-5.87	-7.73
4000	95.40	same	1.91	11.89	2.57	-18.66	-5.87	-7.73
4000	4.60	different	1.91	11.89	2.57	-18.66	-5.87	-7.73
4200	46.36	xtal-xtal	1.87	11.89	2.54	-18.66	-5.79	-7.64
4200	48.98	bio-bio	1.87	11.89	2.54	-18.66	-5.79	-7.64
4200	3.64	xtal-bio	1.87	11.89	2.54	-18.66	-5.79	-7.64
4200	1.02	bio-xtal	1.87	11.89	2.54	-18.66	-5.79	-7.64
4200	95.33	same	1.87	11.89	2.54	-18.66	-5.79	-7.64
4200	4.67	different	1.87	11.89	2.54	-18.66	-5.79	-7.64
4400	46.41	xtal-xtal	1.82	11.89	2.51	-18.66	-5.71	-7.56
4400	48.95	bio-bio	1.82	11.89	2.51	-18.66	-5.71	-7.56
4400	3.59	xtal-bio	1.82	11.89	2.51	-18.66	-5.71	-7.56
4400	1.05	bio-xtal	1.82	11.89	2.51	-18.66	-5.71	-7.56
4400	95.36	same	1.82	11.89	2.51	-18.66	-5.71	-7.56
4400	4.64	different	1.82	11.89	2.51	-18.66	-5.71	-7.56
4600	46.43	xtal-xtal	1.78	11.89	2.47	-18.66	-5.62	-7.47
4600	48.96	bio-bio	1.78	11.89	2.47	-18.66	-5.62	-7.47
4600	3.57	xtal-bio	1.78	11.89	2.47	-18.66	-5.62	-7.47
4600	1.04	bio-xtal	1.78	11.89	2.47	-18.66	-5.62	-7.47
4600	95.39	same	1.78	11.89	2.47	-18.66	-5.62	-7.47
4600	4.61	different	1.78	11.89	2.47	-18.66	-5.62	-7.47
4800	46.46	xtal-xtal	1.74	11.89	2.44	-18.66	-5.54	-7.39
4800	48.85	bio-bio	1.74	11.89	2.44	-18.66	-5.54	-7.39
4800	3.54	xtal-bio	1.74	11.89	2.44	-18.66	-5.54	-7.39
4800	1.15	bio-xtal	1.74	11.89	2.44	-18.66	-5.54	-7.39
4800	95.31	same	1.74	11.89	2.44	-18.66	-5.54	-7.39
4800	4.69	different	1.74	11.89	2.44	-18.66	-5.54	-7.39
5000	46.52	xtal-xtal	1.71	11.89	2.42	-18.66	-5.47	-7.32
5000	48.78	bio-bio	1.71	11.89	2.42	-18.66	-5.47	-7.32
5000	3.48	xtal-bio	1.71	11.89	2.42	-18.66	-5.47	-7.32
5000	1.22	bio-xtal	1.71	11.89	2.42	-18.66	-5.47	-7.32
5000	95.30	same	1.71	11.89	2.42	-18.66	-5.47	-7.32
5000	4.70	different	1.71	11.89	2.42	-18.66	-5.47	-7.32
5200	46.56	xtal-xtal	1.67	11.89	2.39	-18.66	-5.39	-7.25
5200	48.79	bio-bio	1.67	11.89	2.39	-18.66	-5.39	-7.25
5200	3.44	xtal-bio	1.67	11.89	2.39	-18.66	-5.39	-7.25
5200	1.21	bio-xtal	1.67	11.89	2.39	-18.66	-5.39	-7.25
5200	95.35	same	1.67	11.89	2.39	-18.66	-5.39	-7.25
5200	4.65	different	1.67	11.89	2.39	-18.66	-5.39	-7.25
5400	46.54	xtal-xtal	1.63	11.89	2.36	-18.66	-5.32	-7.18
5400	48.76	bio-bio	1.63	11.89	2.36	-18.66	-5.32	-7.18
5400	3.46	xtal-bio	1.63	11.89	2.36	-18.66	-5.32	-7.18
5400	1.24	bio-xtal	1.63	11.89	2.36	-18.66	-5.32	-7.18
5400	95.30	same	1.63	11.89	2.36	-18.66	-5.32	-7.18
5400	4.70	different	1.63	11.89	2.36	-18.66	-5.32	-7.18
5600	46.54	xtal-xtal	1.60	11.89	2.33	-18.66	-5.26	-7.11
5600	48.77	bio-bio	1.60	11.89	2.33	-18.66	-5.26	-7.11
5600	3.46	xtal-bio	1.60	11.89	2.33	-18.66	-5.26	-7.11
5600	1.23	bio-xtal	1.60	11.89	2.33	-18.66	-5.26	-7.11
5600	95.30	same	1.60	11.89	2.33	-18.66	-5.26	-7.11
5600	4.70	different	1.60	11.89	2.33	-18.66	-5.26	-7.11
5800	46.50	xtal-xtal	1.56	11.89	2.31	-18.66	-5.19	-7.04
5800	48.76	bio-bio	1.56	11.89	2.31	-18.66	-5.19	-7.04
5800	3.50	xtal-bio	1.56	11.89	2.31	-18.66	-5.19	-7.04
5800	1.24	bio-xtal	1.56	11.89	2.31	-18.66	-5.19	-7.04
5800	95.26	same	1.56	11.89	2.31	-18.66	-5.19	-7.04
5800	4.74	different	1.56	11.89	2.31	-18.66	-5.19	-7.04
6000	46.50	xtal-xtal	1.53	11.89	2.28	-18.66	-5.12	-6.98
6000	48.75	bio-bio	1.53	11.89	2.28	-18.66	-5.12	-6.98
6000	3.50	xtal-bio	1.53	11.89	2.28	-18.66	-5.12	-6.98
6000	1.25	bio-xtal	1.53	11.89	2.28	-18.66	-5.12	-6.98
6000	95.25	same	1.53	11.89	2.28	-18.66	-5.12	-6.98
6000	4.75	different	1.53	11.89	2.28	-18.66	-5.12	-6.98
6200	46.42	xtal-xtal	1.49	11.89	2.26	-18.66	-5.05	-6.92
6200	48.63	bio-bio	1.49	11.89	2.26	-18.66	-5.05	-6.92
6200	3.58	xtal-bio	1.49	11.89	2.26	-18.66	-5.05	-6.92
6200	1.37	bio-xtal	1.49	11.89	2.26	-18.66	-5.05	-6.92
6200	95.05	same	1.49	11.89	2.26	-18.66	-5.05	-6.92
6200	4.95	different	1.49	11.89	2.26	-18.66	-5.05	-6.92
6400	46.38	xtal-xtal	1.46	11.89	2.23	-18.66	-4.99	-6.86
6400	48.64	bio-bio	1.46	11.89	2.23	-18.66	-4.99	-6.86
6400	3.62	xtal-bio	1.46	11.89	2.23	-18.66	-4.99	-6.86
6400	1.36	bio-xtal	1.46	11.89	2.23	-18.66	-4.99	-6.86
6400	95.02	same	1.46	11.89	2.23	-18.66	-4.99	-6.86
6400	4.98	different	1.46	11.89	2.23	-18.66	-4.99	-6.86
6600	46.41	xtal-xtal	1.43	11.89	2.21	-18.66	-4.95	-6.80
6600	48.62	bio-bio	1.43	11.89	2.21	-18.66	-4.95	-6.80
6600	3.59	xtal-bio	1.43	11.89	2.21	-18.66	-4.95	-6.80
6600	1.38	bio-xtal	1.43	11.89	2.21	-18.66	-4.95	-6.80
6600	95.03	same	1.43	11.89	2.21	-18.66	-4.95	-6.80
6600	4.97	different	1.43	11.89	2.21	-18.66	-4.95	-6.80
6800	46.43	xtal-xtal	1.40	11.89	2.19	-18.66	-4.89	-6.75
6800	48.62	bio-bio	1.40	11.89	2.19	-18.66	-4.89	-6.75
6800	3.57	xtal-bio	1.40	11.89	2.19	-18.66	-4.89	-6.75
6800	1.38	bio-xtal	1.40	11.89	2.19	-18.66	-4.89	-6.75
6800	95.04	same	1.40	11.89	2.19	-18.66	-4.89	-6.75
6800	4.96	different	1.40	11.89	2.19	-18.66	-4.89	-6.75
7000	46.46	xtal-xtal	1.37	11.89	2.16	-18.66	-4.84	-6.69
7000	48.56	bio-bio	1.37	11.89	2.16	-18.66	-4.84	-6.69
7000	3.54	xtal-bio	1.37	11.89	2.16	-18.66	-4.84	-6.69
7000	1.44	bio-xtal	1.37	11.89	2.16	-18.66	-4.84	-6.69
7000	95.01	same	1.37	11.89	2.16	-18.66	-4.84	-6.69
7000	4.99	different	1.37	11.89	2.16	-18.66	-4.84	-6.69
7200	46.53	xtal-xtal	1.35	11.89	2.14	-18.66	-4.80	-6.64
7200	48.53	bio-bio	1.35	11.89	2.14	-18.66	-4.80	-6.64
7200	3.47	xtal-bio	1.35	11.89	2.14	-18.66	-4.80	-6.64
7200	1.47	bio-xtal	1.35	11.89	2.14	-18.66	-4.80	-6.64
7200	95.06	same	1.35	11.89	2.14	-18.66	-4.80	-6.64
7200	4.94	different	1.35	11.89	2.14	-18.66	-4.80	-6.64
7400	46.59	xtal-xtal	1.33	11.89	2.12	-18.66	-4.74	-6.59
7400	48.53	bio-bio	1.33	11.89	2.12	-18.66	-4.74	-6.59
7400	3.41	xtal-bio	1.33	11.89	2.12	-18.66	-4.74	-6.59
7400	1.47	bio-xtal	1.33	11.89	2.12	-18.66	-4.74	-6.59
7400	95.12	same	1.33	11.89	2.12	-18.66	-4.74	-6.59
7400	4.88	different	1.33	11.89	2.12	-18.66	-4.74	-6.59
7600	46.57	xtal-xtal	1.30	11.89	2.10	-18.66	-4.71	-6.54
7600	48.51	bio-bio	1.30	11.89	2.10	-18.66	-4.71	-6.54
7600	3.43	xtal-bio	1.30	11.89	2.10	-18.66	-4.71	-6.54
7600	1.49	bio-xtal	1.30	11.89	2.10	-18.66	-4.71	-6.54
7600	95.08	same	1.30	11.89	2.10	-18.66	-4.71	-6.54
7600	4.92	different	1.30	11.89	2.10	-18.66	-4.71	-6.54
7800	46.54	xtal-xtal	1.29	11.89	2.08	-18.66	-4.65	-6.49
7800	48.50	bio-bio	1.29	11.89	2.08	-18.66	-4.65	-6.49
7800	3.46	xtal-bio	1.29	11.89	2.08	-18.66	-4.65	-6.49
7800	1.50	bio-xtal	1.29	11.89	2.08	-18.66	-4.65	-6.49
7800	95.04	same	1.29	11.89	2.08	-18.66	-4.65	-6.49
7800	4.96	different	1.29	11.89	2.08	-18.66	-4.65	-6.49
8000	46.56	xtal-xtal	1.26	11.89	2.06	-18.66	-4.61	-6.45
8000	48.51	bio-bio	1.26	11.89	2.06	-18.66	-4.61	-6.45
8000	3.44	xtal-bio	1.26	11.89	2.06	-18.66	-4.61	-6.45
8000	1.49	bio-xtal	1.26	11.89	2.06	-18.66	-4.61	-6.45
8000	95.08	same	1.26	11.89	2.06	-18.66	-4.61	-6.45
8000	4.92	different	1.26	11.89	2.06	-18.66	-4.61	-6.45
8200	46.60	xtal-xtal	1.24	11.89	2.04	-18.66	-4.56	-6.40
8200	48.51	bio-bio	1.24	11.89	2.04	-18.66	-4.56	-6.40
8200	3.40	xtal-bio	1.24	11.89	2.04	-18.66	-4.56	-6.40
8200	1.49	bio-xtal	1.24	11.89	2.04	-18.66	-4.56	-6.40
8200	95.11	same	1.24	11.89	2.04	-18.66	-4.56	-6.40
8200	4.89	different	1.24	11.89	2.04	-18.66	-4.56	-6.40
8400	46.56	xtal-xtal	1.21	11.89	2.02	-18.66	-4.52	-6.36
8400	48.51	bio-bio	1.21	11.89	2.02	-18.66	-4.52	-6.36
8400	3.44	xtal-bio	1.21	11.89	2.02	-18.66	-4.52	-6.36
8400	1.49	bio-xtal	1.21	11.89	2.02	-18.66	-4.52	-6.36
8400	95.07	same	1.21	11.89	2.02	-18.66	-4.52	-6.36
8400	4.93	different	1.21	11.89	2.02	-18.66	-4.52	-6.36
8600	46.58	xtal-xtal	1.19	11.89	2.00	-18.66	-4.48	-6.31
8600	48.50	bio-bio	1.19	11.89	2.00	-18.66	-4.48	-6.31
8600	3.42	xtal-bio	1.19	11.89	2.00	-18.66	-4.48	-6.31
8600	1.50	bio-xtal	1.19	11.89	2.00	-18.66	-4.48	-6.31
8600	95.08	same	1.19	11.89	2.00	-18.66	-4.48	-6.31
8600	4.92	different	1.19	11.89	2.00	-18.66	-4.48	-6.31
8800	46.61	xtal-xtal	1.17	11.89	1.98	-18.66	-4.44	-6.27
8800	48.50	bio-bio	1.17	11.89	1.98	-18.66	-4.44	-6.27
8800	3.39	xtal-bio	1.17	11.89	1.98	-18.66	-4.44	-6.27
8800	1.50	bio-xtal	1.17	11.89	1.98	-18.66	-4.44	-6.27
8800	95.11	same	1.17	11.89	1.98	-18.66	-4.44	-6.27
8800	4.89	different	1.17	11.89	1.98	-18.66	-4.44	-6.27
9000	46.64	xtal-xtal	1.15	11.89	1.96	-18.66	-4.41	-6.23
9000	48.50	bio-bio	1.15	11.89	1.96	-18.66	-4.41	-6.23
9000	3.36	xtal-bio	1.15	11.89	1.96	-18.66	-4.41	-6.23
9000	1.50	bio-xtal	1.15	11.89	1.96	-18.66	-4.41	-6.23
9000	95.14	same	1.15	11.89	1.96	-18.66	-4.41	-6.23
9000	4.86	different	1.15	11.89	1.96	-18.66	-4.41	-6.23
9200	46.64	xtal-xtal	1.13	11.89	1.94	-18.66	-4.37	-6.19
9200	48.51	bio-bio	1.13	11.89	1.94	-18.66	-4.37	-6.19
9200	3.36	xtal-bio	1.13	11.89	1.94	-18.66	-4.37	-6.19
9200	1.49	bio-xtal	1.13	11.89	1.94	-18.66	-4.37	-6.19
9200	95.15	same	1.13	11.89	1.94	-18.66	-4.37	-6.19
9200	4.85	different	1.13	11.89	1.94	-18.66	-4.37	-6.19
9400	46.60	xtal-xtal	1.11	11.89	1.93	-18.66	-4.33	-6.15
9400	48.52	bio-bio	1.11	11.89	1.93	-18.66	-4.33	-6.15
9400	3.40	xtal-bio	1.11	11.89	1.93	-18.66	-4.33	-6.15
9400	1.48	bio-xtal	1.11	11.89	1.93	-18.66	-4.33	-6.15
9400	95.12	same	1.11	11.89	1.93	-18.66	-4.33	-6.15
9400	4.88	different	1.11	11.89	1.93	-18.66	-4.33	-6.15
9600	46.59	xtal-xtal	1.09	11.89	1.91	-18.66	-4.30	-6.11
9600	48.51	bio-bio	1.09	11.89	1.91	-18.66	-4.30	-6.11
9600	3.41	xtal-bio	1.09	11.89	1.91	-18.66	-4.30	-6.11
9600	1.49	bio-xtal	1.09	11.89	1.91	-18.66	-4.30	-6.11
9600	95.10	same	1.09	11.89	1.91	-18.66	-4.30	-6.11
9600	4.90	different	1.09	11.89	1.91	-18.66	-4.30	-6.11
9800	46.57	xtal-xtal	1.07	11.89	1.89	-18.66	-4.26	-6.08
9800	48.51	bio-bio	1.07	11.89	1.89	-18.66	-4.26	-6.08
9800	3.43	xtal-bio	1.07	11.89	1.89	-18.66	-4.26	-6.08
9800	1.49	bio-xtal	1.07	11.89	1.89	-18.66	-4.26	-6.08
9800	95.08	same	1.07	11.89	1.89	-18.66	-4.26	-6.08
9800	4.92	different	1.07	11.89	1.89	-18.66	-4.26	-6.08
10000	46.57	xtal-xtal	1.05	11.89	1.88	-18.66	-4.23	-6.04
10000	48.48	bio-bio	1.05	11.89	1.88	-18.66	-4.23	-6.04
10000	3.43	xtal-bio	1.05	11.89	1.88	-18.66	-4.23	-6.04
10000	1.52	bio-xtal	1.05	11.89	1.88	-18.66	-4.23	-6.04
10000	95.05	same	1.05	11.89	1.88	-18.66	-4.23	-6.04
10000	4.95	different	1.05	11.89	1.88	-18.66	-4.23	-6.04
10200	46.52	xtal-xtal	1.03	11.89	1.86	-18.66	-4.19	-6.00
10200	48.49	bio-bio	1.03	11.89	1.86	-18.66	-4.19	-6.00
10200	3.48	xtal-bio	1.03	11.89	1.86	-18.66	-4.19	-6.00
10200	1.51	bio-xtal	1.03	11.89	1.86	-18.66	-4.19	-6.00
10200	95.01	same	1.03	11.89	1.86	-18.66	-4.19	-6.00
10200	4.99	different	1.03	11.89	1.86	-18.66	-4.19	-6.00
10400	46.48	xtal-xtal	1.01	11.89	1.84	-18.66	-4.17	-5.97
10400	48.51	bio-bio	1.01	11.89	1.84	-18.66	-4.17	-5.97
10400	3.52	xtal-bio	1.01	11.89	1.84	-18.66	-4.17	-5.97
10400	1.49	bio-xtal	1.01	11.89	1.84	-18.66	-4.17	-5.97
10400	94.99	same	1.01	11.89	1.84	-18.66	-4.17	-5.97
10400	5.01	different	1.01	11.89	1.84	-18.66	-4.17	-5.97
10600	46.50	xtal-xtal	0.99	11.89	1.83	-18.66	-4.13	-5.93
10600	48.48	bio-bio	0.99	11.89	1.83	-18.66	-4.13	-5.93
10600	3.50	xtal-bio	0.99	11.89	1.83	-18.66	-4.13	-5.93
10600	1.52	bio-xtal	0.99	11.89	1.83	-18.66	-4.13	-5.93
10600	94.98	same	0.99	11.89	1.83	-18.66	-4.13	-5.93
10600	5.02	different	0.99	11.89	1.83	-18.66	-4.13	-5.93
10800	46.48	xtal-xtal	0.97	11.89	1.81	-18.66	-4.10	-5.90
10800	48.46	bio-bio	0.97	11.89	1.81	-18.66	-4.10	-5.90
10800	3.52	xtal-bio	0.97	11.89	1.81	-18.66	-4.10	-5.90
10800	1.54	bio-xtal	0.97	11.89	1.81	-18.66	-4.10	-5.90
10800	94.94	same	0.97	11.89	1.81	-18.66	-4.10	-5.90
10800	5.06	different	0.97	11.89	1.81	-18.66	-4.10	-5.90
11000	46.48	xtal-xtal	0.95	11.89	1.80	-18.66	-4.07	-5.87
11000	48.43	bio-bio	0.95	11.89	1.80	-18.66	-4.07	-5.87
11000	3.52	xtal-bio	0.95	11.89	1.80	-18.66	-4.07	-5.87
11000	1.57	bio-xtal	0.95	11.89	1.80	-18.66	-4.07	-5.87
11000	94.91	same	0.95	11.89	1.80	-18.66	-4.07	-5.87
11000	5.09	different	0.95	11.89	1.80	-18.66	-4.07	-5.87
11200	46.46	xtal-xtal	0.93	11.89	1.78	-18.66	-4.04	-5.84
11200	48.41	bio-bio	0.93	11.89	1.78	-18.66	-4.04	-5.84
11200	3.54	xtal-bio	0.93	11.89	1.78	-18.66	-4.04	-5.84
11200	1.59	bio-xtal	0.93	11.89	1.78	-18.66	-4.04	-5.84
11200	94.88	same	0.93	11.89	1.78	-18.66	-4.04	-5.84
11200	5.12	different	0.93	11.89	1.78	-18.66	-4.04	-5.84
11400	46.38	xtal-xtal	0.91	11.89	1.77	-18.66	-4.01	-5.80
11400	48.40	bio-bio	0.91	11.89	1.77	-18.66	-4.01	-5.80
11400	3.62	xtal-bio	0.91	11.89	1.77	-18.66	-4.01	-5.80
11400	1.60	bio-xtal	0.91	11.89	1.77	-18.66	-4.01	-5.80
11400	94.78	same	0.91	11.89	1.77	-18.66	-4.01	-5.80
11400	5.22	different	0.91	11.89	1.77	-18.66	-4.01	-5.80
11600	46.35	xtal-xtal	0.89	11.89	1.75	-18.66	-3.98	-5.77
11600	48.41	bio-bio	0.89	11.89	1.75	-18.66	-3.98	-5.77
11600	3.65	xtal-bio	0.89	11.89	1.75	-18.66	-3.98	-5.77
11600	1.59	bio-xtal	0.89	11.89	1.75	-18.66	-3.98	-5.77
11600	94.77	same	0.89	11.89	1.75	-18.66	-3.98	-5.77
11600	5.23	different	0.89	11.89	1.75	-18.66	-3.98	-5.77
11800	46.32	xtal-xtal	0.87	11.89	1.74	-18.66	-3.95	-5.74
11800	48.40	bio-bio	0.87	11.89	1.74	-18.66	-3.95	-5.74
11800	3.68	xtal-bio	0.87	11.89	1.74	-18.66	-3.95	-5.74
11800	1.60	bio-xtal	0.87	11.89	1.74	-18.66	-3.95	-5.74
11800	94.72	same	0.87	11.89	1.74	-18.66	-3.95	-5.74
11800	5.28	different	0.87	11.89	1.74	-18.66	-3.95	-5.74
12000	46.27	xtal-xtal	0.86	11.89	1.72	-18.66	-3.93	-5.71
12000	48.38	bio-bio	0.86	11.89	1.72	-18.66	-3.93	-5.71
12000	3.72	xtal-bio	0.86	11.89	1.72	-18.66	-3.93	-5.71
12000	1.62	bio-xtal	0.86	11.89	1.72	-18.66	-3.93	-5.71
12000	94.65	same	0.86	11.89	1.72	-18.66	-3.93	-5.71
12000	5.35	different	0.86	11.89	1.72	-18.66	-3.93	-5.71
12200	46.25	xtal-xtal	0.83	11.89	1.71	-18.66	-3.90	-5.68
12200	48.37	bio-bio	0.83	11.89	1.71	-18.66	-3.90	-5.68
12200	3.75	xtal-bio	0.83	11.89	1.71	-18.66	-3.90	-5.68
12200	1.63	bio-xtal	0.83	11.89	1.71	-18.66	-3.90	-5.68
12200	94.62	same	0.83	11.89	1.71	-18.66	-3.90	-5.68
12200	5.38	different	0.83	11.89	1.71	-18.66	-3.90	-5.68
12400	46.23	xtal-xtal	0.81	11.89	1.69	-18.66	-3.87	-5.65
12400	48.35	bio-bio	0.81	11.89	1.69	-18.66	-3.87	-5.65
12400	3.77	xtal-bio	0.81	11.89	1.69	-18.66	-3.87	-5.65
12400	1.65	bio-xtal	0.81	11.89	1.69	-18.66	-3.87	-5.65
12400	94.58	same	0.81	11.89	1.69	-18.66	-3.87	-5.65
12400	5.42	different	0.81	11.89	1.69	-18.66	-3.87	-5.65
12600	46.25	xtal-xtal	0.80	11.89	1.68	-18.66	-3.84	-5.62
12600	48.34	bio-bio	0.80	11.89	1.68	-18.66	-3.84	-5.62
12600	3.75	xtal-bio	0.80	11.89	1.68	-18.66	-3.84	-5.62
12600	1.66	bio-xtal	0.80	11.89	1.68	-18.66	-3.84	-5.62
12600	94.59	same	0.80	11.89	1.68	-18.66	-3.84	-5.62
12600	5.41	different	0.80	11.89	1.68	-18.66	-3.84	-5.62
12800	46.28	xtal-xtal	0.78	11.89	1.66	-18.66	-3.82	-5.60
12800	48.34	bio-bio	0.78	11.89	1.66	-18.66	-3.82	-5.60
12800	3.72	xtal-bio	0.78	11.89	1.66	-18.66	-3.82	-5.60
12800	1.66	bio-xtal	0.78	11.89	1.66	-18.66	-3.82	-5.60
12800	94.62	same	0.78	11.89	1.66	-18.66	-3.82	-5.60
12800	5.38	different	0.78	11.89	1.66	-18.66	-3.82	-5.60
13000	46.29	xtal-xtal	0.76	11.89	1.65	-18.66	-3.80	-5.57
13000	48.35	bio-bio	0.76	11.89	1.65	-18.66	-3.80	-5.57
13000	3.71	xtal-bio	0.76	11.89	1.65	-18.66	-3.80	-5.57
13000	1.65	bio-xtal	0.76	11.89	1.65	-18.66	-3.80	-5.57
13000	94.64	same	0.76	11.89	1.65	-18.66	-3.80	-5.57
13000	5.36	different	0.76	11.89	1.65	-18.66	-3.80	-5.57
13200	46.27	xtal-xtal	0.74	11.89	1.64	-18.66	-3.78	-5.54
13200	48.33	bio-bio	0.74	11.89	1.64	-18.66	-3.78	-5.54
13200	3.73	xtal-bio	0.74	11.89	1.64	-18.66	-3.78	-5.54
13200	1.67	bio-xtal	0.74	11.89	1.64	-18.66	-3.78	-5.54
13200	94.60	same	0.74	11.89	1.64	-18.66	-3.78	-5.54
13200	5.40	different	0.74	11.89	1.64	-18.66	-3.78	-5.54
13400	46.28	xtal-xtal	0.72	11.89	1.62	-18.66	-3.75	-5.52
13400	48.28	bio-bio	0.72	11.89	1.62	-18.66	-3.75	-5.52
13400	3.72	xtal-bio	0.72	11.89	1.62	-18.66	-3.75	-5.52
13400	1.72	bio-xtal	0.72	11.89	1.62	-18.66	-3.75	-5.52
13400	94.56	same	0.72	11.89	1.62	-18.66	-3.75	-5.52
13400	5.44	different	0.72	11.89	1.62	-18.66	-3.75	-5.52
13600	46.27	xtal-xtal	0.70	11.89	1.61	-18.66	-3.73	-5.49
13600	48.24	bio-bio	0.70	11.89	1.61	-18.66	-3.73	-5.49
13600	3.73	xtal-bio	0.70	11.89	1.61	-18.66	-3.73	-5.49
13600	1.76	bio-xtal	0.70	11.89	1.61	-18.66	-3.73	-5.49
13600	94.51	same	0.70	11.89	1.61	-18.66	-3.73	-5.49
13600	5.49	different	0.70	11.89	1.61	-18.66	-3.73	-5.49
13800	46.25	xtal-xtal	0.68	11.89	1.60	-18.66	-3.71	-5.46
13800	48.22	bio-bio	0.68	11.89	1.60	-18.66	-3.71	-5.46
13800	3.75	xtal-bio	0.68	11.89	1.60	-18.66	-3.71	-5.46
13800	1.78	bio-xtal	0.68	11.89	1.60	-18.66	-3.71	-5.46
13800	94.47	same	0.68	11.89	1.60	-18.66	-3.71	-5.46
13800	5.53	different	0.68	11.89	1.60	-18.66	-3.71	-5.46
14000	46.22	xtal-xtal	0.66	11.89	1.58	-18.66	-3.69	-5.44
14000	48.22	bio-bio	0.66	11.89	1.58	-18.66	-3.69	-5.44
14000	3.78	xtal-bio	0.66	11.89	1.58	-18.66	-3.69	-5.44
14000	1.78	bio-xtal	0.66	11.89	1.58	-18.66	-3.69	-5.44
14000	94.44	same	0.66	11.89	1.58	-18.66	-3.69	-5.44
14000	5.56	different	0.66	11.89	1.58	-18.66	-3.69	-5.44
14200	46.19	xtal-xtal	0.65	11.89	1.57	-18.66	-3.67	-5.41
14200	48.22	bio-bio	0.65	11.89	1.57	-18.66	-3.67	-5.41
14200	3.81	xtal-bio	0.65	11.89	1.57	-18.66	-3.67	-5.41
14200	1.78	bio-xtal	0.65	11.89	1.57	-18.66	-3.67	-5.41
14200	94.41	same	0.65	11.89	1.57	-18.66	-3.67	-5.41
14200	5.59	different	0.65	11.89	1.57	-18.66	-3.67	-5.41
14400	46.17	xtal-xtal	0.63	11.89	1.56	-18.66	-3.65	-5.39
14400	48.19	bio-bio	0.63	11.89	1.56	-18.66	-3.65	-5.39
14400	3.83	xtal-bio	0.63	11.89	1.56	-18.66	-3.65	-5.39
14400	1.81	bio-xtal	0.63	11.89	1.56	-18.66	-3.65	-5.39
14400	94.36	same	0.63	11.89	1.56	-18.66	-3.65	-5.39
14400	5.64	different	0.63	11.89	1.56	-18.66	-3.65	-5.39
14600	46.16	xtal-xtal	0.61	11.89	1.55	-18.66	-3.63	-5.37
14600	48.21	bio-bio	0.61	11.89	1.55	-18.66	-3.63	-5.37
14600	3.84	xtal-bio	0.61	11.89	1.55	-18.66	-3.63	-5.37
14600	1.79	bio-xtal	0.61	11.89	1.55	-18.66	-3.63	-5.37
14600	94.36	same	0.61	11.89	1.55	-18.66	-3.63	-5.37
14600	5.64	different	0.61	11.89	1.55	-18.66	-3.63	-5.37
14800	46.16	xtal-xtal	0.60	11.89	1.53	-18.66	-3.61	-5.34
14800	48.22	bio-bio	0.60	11.89	1.53	-18.66	-3.61	-5.34
14800	3.84	xtal-bio	0.60	11.89	1.53	-18.66	-3.61	-5.34
14800	1.78	bio-xtal	0.60	11.89	1.53	-18.66	-3.61	-5.34
14800	94.38	same	0.60	11.89	1.53	-18.66	-3.61	-5.34
14800	5.62	different	0.60	11.89	1.53	-18.66	-3.61	-5.34
15000	46.11	xtal-xtal	0.58	11.89	1.52	-18.66	-3.59	-5.32
15000	48.21	bio-bio	0.58	11.89	1.52	-18.66	-3.59	-5.32
15000	3.89	xtal-bio	0.58	11.89	1.52	-18.66	-3.59	-5.32
15000	1.79	bio-xtal	0.58	11.89	1.52	-18.66	-3.59	-5.32
15000	94.33	same	0.58	11.89	1.52	-18.66	-3.59	-5.32
15000	5.67	different	0.58	11.89	1.52	-18.66	-3.59	-5.32
15200	46.10	xtal-xtal	0.56	11.89	1.51	-18.66	-3.56	-5.30
15200	48.18	bio-bio	0.56	11.89	1.51	-18.66	-3.56	-5.30
15200	3.90	xtal-bio	0.56	11.89	1.51	-18.66	-3.56	-5.30
15200	1.82	bio-xtal	0.56	11.89	1.51	-18.66	-3.56	-5.30
15200	94.28	same	0.56	11.89	1.51	-18.66	-3.56	-5.30
15200	5.72	different	0.56	11.89	1.51	-18.66	-3.56	-5.30
15400	46.10	xtal-xtal	0.54	11.89	1.50	-18.66	-3.55	-5.27
15400	48.18	bio-bio	0.54	11.89	1.50	-18.66	-3.55	-5.27
15400	3.90	xtal-bio	0.54	11.89	1.50	-18.66	-3.55	-5.27
15400	1.82	bio-xtal	0.54	11.89	1.50	-18.66	-3.55	-5.27
15400	94.27	same	0.54	11.89	1.50	-18.66	-3.55	-5.27
15400	5.73	different	0.54	11.89	1.50	-18.66	-3.55	-5.27
15600	46.11	xtal-xtal	0.53	11.89	1.48	-18.66	-3.53	-5.25
15600	48.16	bio-bio	0.53	11.89	1.48	-18.66	-3.53	-5.25
15600	3.89	xtal-bio	0.53	11.89	1.48	-18.66	-3.53	-5.25
15600	1.84	bio-xtal	0.53	11.89	1.48	-18.66	-3.53	-5.25
15600	94.27	same	0.53	11.89	1.48	-18.66	-3.53	-5.25
15600	5.73	different	0.53	11.89	1.48	-18.66	-3.53	-5.25
15800	46.07	xtal-xtal	0.51	11.89	1.47	-18.66	-3.51	-5.23
15800	48.15	bio-bio	0.51	11.89	1.47	-18.66	-3.51	-5.23
15800	3.93	xtal-bio	0.51	11.89	1.47	-18.66	-3.51	-5.23
15800	1.85	bio-xtal	0.51	11.89	1.47	-18.66	-3.51	-5.23
15800	94.22	same	0.51	11.89	1.47	-18.66	-3.51	-5.23
15800	5.78	different	0.51	11.89	1.47	-18.66	-3.51	-5.23
16000	46.02	xtal-xtal	0.50	11.89	1.46	-18.66	-3.49	-5.21
16000	48.14	bio-bio	0.50	11.89	1.46	-18.66	-3.49	-5.21
16000	3.98	xtal-bio	0.50	11.89	1.46	-18.66	-3.49	-5.21
16000	1.86	bio-xtal	0.50	11.89	1.46	-18.66	-3.49	-5.21
16000	94.16	same	0.50	11.89	1.46	-18.66	-3.49	-5.21
16000	5.84	different	0.50	11.89	1.46	-18.66	-3.49	-5.21
16200	46.00	xtal-xtal	0.48	11.89	1.45	-18.66	-3.47	-5.19
16200	48.15	bio-bio	0.48	11.89	1.45	-18.66	-3.47	-5.19
16200	4.00	xtal-bio	0.48	11.89	1.45	-18.66	-3.47	-5.19
16200	1.85	bio-xtal	0.48	11.89	1.45	-18.66	-3.47	-5.19
16200	94.15	same	0.48	11.89	1.45	-18.66	-3.47	-5.19
16200	5.85	different	0.48	11.89	1.45	-18.66	-3.47	-5.19
16400	45.97	xtal-xtal	0.46	11.89	1.43	-18.66	-3.45	-5.16
16400	48.15	bio-bio	0.46	11.89	1.43	-18.66	-3.45	-5.16
16400	4.03	xtal-bio	0.46	11.89	1.43	-18.66	-3.45	-5.16
16400	1.85	bio-xtal	0.46	11.89	1.43	-18.66	-3.45	-5.16
16400	94.12	same	0.46	11.89	1.43	-18.66	-3.45	-5.16
16400	5.88	different	0.46	11.89	1.43	-18.66	-3.45	-5.16
16600	45.93	xtal-xtal	0.45	11.89	1.42	-18.66	-3.44	-5.14
16600	48.12	bio-bio	0.45	11.89	1.42	-18.66	-3.44	-5.14
16600	4.07	xtal-bio	0.45	11.89	1.42	-18.66	-3.44	-5.14
16600	1.88	bio-xtal	0.45	11.89	1.42	-18.66	-3.44	-5.14
16600	94.05	same	0.45	11.89	1.42	-18.66	-3.44	-5.14
16600	5.95	different	0.45	11.89	1.42	-18.66	-3.44	-5.14
16800	45.89	xtal-xtal	0.43	11.89	1.41	-18.66	-3.42	-5.12
16800	48.11	bio-bio	0.43	11.89	1.41	-18.66	-3.42	-5.12
16800	4.11	xtal-bio	0.43	11.89	1.41	-18.66	-3.42	-5.12
16800	1.89	bio-xtal	0.43	11.89	1.41	-18.66	-3.42	-5.12
16800	94.00	same	0.43	11.89	1.41	-18.66	-3.42	-5.12
16800	6.00	different	0.43	11.89	1.41	-18.66	-3.42	-5.12
17000	45.86	xtal-xtal	0.41	11.89	1.40	-18.66	-3.40	-5.10
17000	48.10	bio-bio	0.41	11.89	1.40	-18.66	-3.40	-5.10
17000	4.14	xtal-bio	0.41	11.89	1.40	-18.66	-3.40	-5.10
17000	1.90	bio-xtal	0.41	11.89	1.40	-18.66	-3.40	-5.10
17000	93.96	same	0.41	11.89	1.40	-18.66	-3.40	-5.10
17000	6.04	different	0.41	11.89	1.40	-18.66	-3.40	-5.10
17200	45.81	xtal-xtal	0.39	11.89	1.39	-18.66	-3.38	-5.08
17200	48.10	bio-bio	0.39	11.89	1.39	-18.66	-3.38	-5.08
17200	4.19	xtal-bio	0.39	11.89	1.39	-18.66	-3.38	-5.08
17200	1.90	bio-xtal	0.39	11.89	1.39	-18.66	-3.38	-5.08
17200	93.91	same	0.39	11.89	1.39	-18.66	-3.38	-5.08
17200	6.09	different	0.39	11.89	1.39	-18.66	-3.38	-5.08
17400	45.80	xtal-xtal	0.37	11.89	1.38	-18.66	-3.36	-5.06
17400	48.09	bio-bio	0.37	11.89	1.38	-18.66	-3.36	-5.06
17400	4.20	xtal-bio	0.37	11.89	1.38	-18.66	-3.36	-5.06
17400	1.91	bio-xtal	0.37	11.89	1.38	-18.66	-3.36	-5.06
17400	93.89	same	0.37	11.89	1.38	-18.66	-3.36	-5.06
17400	6.11	different	0.37	11.89	1.38	-18.66	-3.36	-5.06
17600	45.82	xtal-xtal	0.36	11.89	1.36	-18.66	-3.34	-5.04
17600	48.06	bio-bio	0.36	11.89	1.36	-18.66	-3.34	-5.04
17600	4.18	xtal-bio	0.36	11.89	1.36	-18.66	-3.34	-5.04
17600	1.94	bio-xtal	0.36	11.89	1.36	-18.66	-3.34	-5.04
17600	93.88	same	0.36	11.89	1.36	-18.66	-3.34	-5.04
17600	6.12	different	0.36	11.89	1.36	-18.66	-3.34	-5.04
17800	45.83	xtal-xtal	0.34	11.89	1.35	-18.66	-3.32	-5.03
17800	48.04	bio-bio	0.34	11.89	1.35	-18.66	-3.32	-5.03
17800	4.17	xtal-bio	0.34	11.89	1.35	-18.66	-3.32	-5.03
17800	1.96	bio-xtal	0.34	11.89	1.35	-18.66	-3.32	-5.03
17800	93.87	same	0.34	11.89	1.35	-18.66	-3.32	-5.03
17800	6.13	different	0.34	11.89	1.35	-18.66	-3.32	-5.03
18000	45.82	xtal-xtal	0.32	11.89	1.34	-18.66	-3.30	-5.01
18000	48.03	bio-bio	0.32	11.89	1.34	-18.66	-3.30	-5.01
18000	4.18	xtal-bio	0.32	11.89	1.34	-18.66	-3.30	-5.01
18000	1.97	bio-xtal	0.32	11.89	1.34	-18.66	-3.30	-5.01
18000	93.84	same	0.32	11.89	1.34	-18.66	-3.30	-5.01
18000	6.16	different	0.32	11.89	1.34	-18.66	-3.30	-5.01
18200	45.80	xtal-xtal	0.30	11.89	1.33	-18.66	-3.28	-4.99
18200	48.00	bio-bio	0.30	11.89	1.33	-18.66	-3.28	-4.99
18200	4.20	xtal-bio	0.30	11.89	1.33	-18.66	-3.28	-4.99
18200	2.00	bio-xtal	0.30	11.89	1.33	-18.66	-3.28	-4.99
18200	93.80	same	0.30	11.89	1.33	-18.66	-3.28	-4.99
18200	6.20	different	0.30	11.89	1.33	-18.66	-3.28	-4.99
18400	45.79	xtal-xtal	0.28	11.89	1.32	-18.66	-3.27	-4.97
18400	47.98	bio-bio	0.28	11.89	1.32	-18.66	-3.27	-4.97
18400	4.21	xtal-bio	0.28	11.89	1.32	-18.66	-3.27	-4.97
18400	2.02	bio-xtal	0.28	11.89	1.32	-18.66	-3.27	-4.97
18400	93.77	same	0.28	11.89	1.32	-18.66	-3.27	-4.97
18400	6.23	different	0.28	11.89	1.32	-18.66	-3.27	-4.97
18600	45.77	xtal-xtal	0.27	11.89	1.31	-18.66	-3.25	-4.95
18600	47.96	bio-bio	0.27	11.89	1.31	-18.66	-3.25	-4.95
18600	4.23	xtal-bio	0.27	11.89	1.31	-18.66	-3.25	-4.95
18600	2.04	bio-xtal	0.27	11.89	1.31	-18.66	-3.25	-4.95
18600	93.74	same	0.27	11.89	1.31	-18.66	-3.25	-4.95
18600	6.26	different	0.27	11.89	1.31	-18.66	-3.25	-4.95
18800	45.76	xtal-xtal	0.25	11.89	1.30	-18.66	-3.23	-4.93
18800	47.94	bio-bio	0.25	11.89	1.30	-18.66	-3.23	-4.93
18800	4.24	xtal-bio	0.25	11.89	1.30	-18.66	-3.23	-4.93
18800	2.06	bio-xtal	0.25	11.89	1.30	-18.66	-3.23	-4.93
18800	93.70	same	0.25	11.89	1.30	-18.66	-3.23	-4.93
18800	6.30	different	0.25	11.89	1.30	-18.66	-3.23	-4.93
19000	45.74	xtal-xtal	0.24	11.89	1.29	-18.66	-3.21	-4.91
19000	47.91	bio-bio	0.24	11.89	1.29	-18.66	-3.21	-4.91
19000	4.26	xtal-bio	0.24	11.89	1.29	-18.66	-3.21	-4.91
19000	2.09	bio-xtal	0.24	11.89	1.29	-18.66	-3.21	-4.91
19000	93.65	same	0.24	11.89	1.29	-18.66	-3.21	-4.91
19000	6.35	different	0.24	11.89	1.29	-18.66	-3.21	-4.91
19200	45.74	xtal-xtal	0.22	11.89	1.27	-18.66	-3.20	-4.90
19200	47.91	bio-bio	0.22	11.89	1.27	-18.66	-3.20	-4.90
19200	4.26	xtal-bio	0.22	11.89	1.27	-18.66	-3.20	-4.90
19200	2.09	bio-xtal	0.22	11.89	1.27	-18.66	-3.20	-4.90
19200	93.66	same	0.22	11.89	1.27	-18.66	-3.20	-4.90
19200	6.34	different	0.22	11.89	1.27	-18.66	-3.20	-4.90
19400	45.75	xtal-xtal	0.21	11.89	1.26	-18.66	-3.18	-4.88
19400	47.86	bio-bio	0.21	11.89	1.26	-18.66	-3.18	-4.88
19400	4.25	xtal-bio	0.21	11.89	1.26	-18.66	-3.18	-4.88
19400	2.14	bio-xtal	0.21	11.89	1.26	-18.66	-3.18	-4.88
19400	93.61	same	0.21	11.89	1.26	-18.66	-3.18	-4.88
19400	6.39	different	0.21	11.89	1.26	-18.66	-3.18	-4.88
19600	45.73	xtal-xtal	0.19	11.89	1.25	-18.66	-3.16	-4.86
19600	47.83	bio-bio	0.19	11.89	1.25	-18.66	-3.16	-4.86
19600	4.27	xtal-bio	0.19	11.89	1.25	-18.66	-3.16	-4.86
19600	2.17	bio-xtal	0.19	11.89	1.25	-18.66	-3.16	-4.86
19600	93.56	same	0.19	11.89	1.25	-18.66	-3.16	-4.86
19600	6.44	different	0.19	11.89	1.25	-18.66	-3.16	-4.86
19800	45.73	xtal-xtal	0.17	11.89	1.24	-18.66	-3.14	-4.84
19800	47.80	bio-bio	0.17	11.89	1.24	-18.66	-3.14	-4.84
19800	4.27	xtal-bio	0.17	11.89	1.24	-18.66	-3.14	-4.84
19800	2.20	bio-xtal	0.17	11.89	1.24	-18.66	-3.14	-4.84
19800	93.54	same	0.17	11.89	1.24	-18.66	-3.14	-4.84
19800	6.46	different	0.17	11.89	1.24	-18.66	-3.14	-4.84
20000	45.67	xtal-xtal	0.15	11.89	1.23	-18.66	-3.13	-4.83
20000	47.77	bio-bio	0.15	11.89	1.23	-18.66	-3.13	-4.83
20000	4.33	xtal-bio	0.15	11.89	1.23	-18.66	-3.13	-4.83
20000	2.23	bio-xtal	0.15	11.89	1.23	-18.66	-3.13	-4.83
20000	93.44	same	0.15	11.89	1.23	-18.66	-3.13	-4.83
20000	6.56	different	0.15	11.89	1.23	-18.66	-3.13	-4.83
20200	45.60	xtal-xtal	0.13	11.89	1.22	-18.66	-3.11	-4.81
20200	47.73	bio-bio	0.13	11.89	1.22	-18.66	-3.11	-4.81
20200	4.40	xtal-bio	0.13	11.89	1.22	-18.66	-3.11	-4.81
20200	2.27	bio-xtal	0.13	11.89	1.22	-18.66	-3.11	-4.81
20200	93.34	same	0.13	11.89	1.22	-18.66	-3.11	-4.81
20200	6.66	different	0.13	11.89	1.22	-18.66	-3.11	-4.81
20400	45.57	xtal-xtal	0.11	11.89	1.21	-18.66	-3.09	-4.79
20400	47.71	bio-bio	0.11	11.89	1.21	-18.66	-3.09	-4.79
20400	4.43	xtal-bio	0.11	11.89	1.21	-18.66	-3.09	-4.79
20400	2.29	bio-xtal	0.11	11.89	1.21	-18.66	-3.09	-4.79
20400	93.28	same	0.11	11.89	1.21	-18.66	-3.09	-4.79
20400	6.72	different	0.11	11.89	1.21	-18.66	-3.09	-4.79
20600	45.57	xtal-xtal	0.10	11.89	1.20	-18.66	-3.07	-4.78
20600	47.67	bio-bio	0.10	11.89	1.20	-18.66	-3.07	-4.78
20600	4.43	xtal-bio	0.10	11.89	1.20	-18.66	-3.07	-4.78
20600	2.33	bio-xtal	0.10	11.89	1.20	-18.66	-3.07	-4.78
20600	93.25	same	0.10	11.89	1.20	-18.66	-3.07	-4.78
20600	6.75	different	0.10	11.89	1.20	-18.66	-3.07	-4.78
20800	45.55	xtal-xtal	0.08	11.89	1.19	-18.66	-3.05	-4.76
20800	47.65	bio-bio	0.08	11.89	1.19	-18.66	-3.05	-4.76
20800	4.45	xtal-bio	0.08	11.89	1.19	-18.66	-3.05	-4.76
20800	2.35	bio-xtal	0.08	11.89	1.19	-18.66	-3.05	-4.76
20800	93.20	same	0.08	11.89	1.19	-18.66	-3.05	-4.76
20800	6.80	different	0.08	11.89	1.19	-18.66	-3.05	-4.76
21000	45.53	xtal-xtal	0.06	11.89	1.18	-18.66	-3.04	-4.74
21000	47.60	bio-bio	0.06	11.89	1.18	-18.66	-3.04	-4.74
21000	4.47	xtal-bio	0.06	11.89	1.18	-18.66	-3.04	-4.74
21000	2.40	bio-xtal	0.06	11.89	1.18	-18.66	-3.04	-4.74
21000	93.13	same	0.06	11.89	1.18	-18.66	-3.04	-4.74
21000	6.87	different	0.06	11.89	1.18	-18.66	-3.04	-4.74
21200	45.50	xtal-xtal	0.04	11.89	1.17	-18.66	-3.02	-4.73
21200	47.58	bio-bio	0.04	11.89	1.17	-18.66	-3.02	-4.73
21200	4.50	xtal-bio	0.04	11.89	1.17	-18.66	-3.02	-4.73
21200	2.42	bio-xtal	0.04	11.89	1.17	-18.66	-3.02	-4.73
21200	93.09	same	0.04	11.89	1.17	-18.66	-3.02	-4.73
21200	6.91	different	0.04	11.89	1.17	-18.66	-3.02	-4.73
21400	45.45	xtal-xtal	0.02	11.89	1.16	-18.66	-3.00	-4.71
21400	47.57	bio-bio	0.02	11.89	1.16	-18.66	-3.00	-4.71
21400	4.55	xtal-bio	0.02	11.89	1.16	-18.66	-3.00	-4.71
21400	2.43	bio-xtal	0.02	11.89	1.16	-18.66	-3.00	-4.71
21400	93.02	same	0.02	11.89	1.16	-18.66	-3.00	-4.71
21400	6.98	different	0.02	11.89	1.16	-18.66	-3.00	-4.71
21600	45.42	xtal-xtal	0.00	11.89	1.15	-18.66	-2.99	-4.70
21600	47.56	bio-bio	0.00	11.89	1.15	-18.66	-2.99	-4.70
21600	4.58	xtal-bio	0.00	11.89	1.15	-18.66	-2.99	-4.70
21600	2.44	bio-xtal	0.00	11.89	1.15	-18.66	-2.99	-4.70
21600	92.98	same	0.00	11.89	1.15	-18.66	-2.99	-4.70
21600	7.02	different	0.00	11.89	1.15	-18.66	-2.99	-4.70
21800	45.39	xtal-xtal	-0.02	11.89	1.14	-18.66	-2.97	-4.68
21800	47.54	bio-bio	-0.02	11.89	1.14	-18.66	-2.97	-4.68
21800	4.61	xtal-bio	-0.02	11.89	1.14	-18.66	-2.97	-4.68
21800	2.46	bio-xtal	-0.02	11.89	1.14	-18.66	-2.97	-4.68
21800	92.94	same	-0.02	11.89	1.14	-18.66	-2.97	-4.68
21800	7.06	different	-0.02	11.89	1.14	-18.66	-2.97	-4.68
22000	45.36	xtal-xtal	-0.04	11.89	1.12	-18.66	-2.96	-4.66
22000	47.53	bio-bio	-0.04	11.89	1.12	-18.66	-2.96	-4.66
22000	4.64	xtal-bio	-0.04	11.89	1.12	-18.66	-2.96	-4.66
22000	2.47	bio-xtal	-0.04	11.89	1.12	-18.66	-2.96	-4.66
22000	92.90	same	-0.04	11.89	1.12	-18.66	-2.96	-4.66
22000	7.10	different	-0.04	11.89	1.12	-18.66	-2.96	-4.66
22200	45.34	xtal-xtal	-0.06	11.89	1.11	-18.66	-2.94	-4.65
22200	47.53	bio-bio	-0.06	11.89	1.11	-18.66	-2.94	-4.65
22200	4.66	xtal-bio	-0.06	11.89	1.11	-18.66	-2.94	-4.65
22200	2.47	bio-xtal	-0.06	11.89	1.11	-18.66	-2.94	-4.65
22200	92.87	same	-0.06	11.89	1.11	-18.66	-2.94	-4.65
22200	7.13	different	-0.06	11.89	1.11	-18.66	-2.94	-4.65
22400	45.33	xtal-xtal	-0.08	11.89	1.10	-18.66	-2.92	-4.63
22400	47.50	bio-bio	-0.08	11.89	1.10	-18.66	-2.92	-4.63
22400	4.67	xtal-bio	-0.08	11.89	1.10	-18.66	-2.92	-4.63
22400	2.50	bio-xtal	-0.08	11.89	1.10	-18.66	-2.92	-4.63
22400	92.83	same	-0.08	11.89	1.10	-18.66	-2.92	-4.63
22400	7.17	different	-0.08	11.89	1.10	-18.66	-2.92	-4.63
22600	45.31	xtal-xtal	-0.09	11.89	1.09	-18.66	-2.91	-4.62
22600	47.48	bio-bio	-0.09	11.89	1.09	-18.66	-2.91	-4.62
22600	4.69	xtal-bio	-0.09	11.89	1.09	-18.66	-2.91	-4.62
22600	2.52	bio-xtal	-0.09	11.89	1.09	-18.66	-2.91	-4.62
22600	92.78	same	-0.09	11.89	1.09	-18.66	-2.91	-4.62
22600	7.22	different	-0.09	11.89	1.09	-18.66	-2.91	-4.62
22800	45.28	xtal-xtal	-0.11	11.89	1.08	-18.66	-2.90	-4.60
22800	47.48	bio-bio	-0.11	11.89	1.08	-18.66	-2.90	-4.60
22800	4.72	xtal-bio	-0.11	11.89	1.08	-18.66	-2.90	-4.60
22800	2.52	bio-xtal	-0.11	11.89	1.08	-18.66	-2.90	-4.60
22800	92.75	same	-0.11	11.89	1.08	-18.66	-2.90	-4.60
22800	7.25	different	-0.11	11.89	1.08	-18.66	-2.90	-4.60
23000	45.23	xtal-xtal	-0.13	11.89	1.07	-18.66	-2.88	-4.59
23000	47.47	bio-bio	-0.13	11.89	1.07	-18.66	-2.88	-4.59
23000	4.77	xtal-bio	-0.13	11.89	1.07	-18.66	-2.88	-4.59
23000	2.53	bio-xtal	-0.13	11.89	1.07	-18.66	-2.88	-4.59
23000	92.70	same	-0.13	11.89	1.07	-18.66	-2.88	-4.59
23000	7.30	different	-0.13	11.89	1.07	-18.66	-2.88	-4.59
23200	45.19	xtal-xtal	-0.15	11.89	1.06	-18.66	-2.86	-4.57
23200	47.47	bio-bio	-0.15	11.89	1.06	-18.66	-2.86	-4.57
23200	4.81	xtal-bio	-0.15	11.89	1.06	-18.66	-2.86	-4.57
23200	2.53	bio-xtal	-0.15	11.89	1.06	-18.66	-2.86	-4.57
23200	92.66	same	-0.15	11.89	1.06	-18.66	-2.86	-4.57
23200	7.34	different	-0.15	11.89	1.06	-18.66	-2.86	-4.57
23400	45.17	xtal-xtal	-0.17	11.89	1.05	-18.66	-2.85	-4.56
23400	47.46	bio-bio	-0.17	11.89	1.05	-18.66	-2.85	-4.56
23400	4.83	xtal-bio	-0.17	11.89	1.05	-18.66	-2.85	-4.56
23400	2.54	bio-xtal	-0.17	11.89	1.05	-18.66	-2.85	-4.56
23400	92.63	same	-0.17	11.89	1.05	-18.66	-2.85	-4.56
23400	7.37	different	-0.17	11.89	1.05	-18.66	-2.85	-4.56
23600	45.14	xtal-xtal	-0.19	11.89	1.04	-18.66	-2.83	-4.54
23600	47.46	bio-bio	-0.19	11.89	1.04	-18.66	-2.83	-4.54
23600	4.86	xtal-bio	-0.19	11.89	1.04	-18.66	-2.83	-4.54
23600	2.54	bio-xtal	-0.19	11.89	1.04	-18.66	-2.83	-4.54
23600	92.60	same	-0.19	11.89	1.04	-18.66	-2.83	-4.54
23600	7.40	different	-0.19	11.89	1.04	-18.66	-2.83	-4.54
23800	45.14	xtal-xtal	-0.21	11.89	1.03	-18.66	-2.82	-4.53
23800	47.47	bio-bio	-0.21	11.89	1.03	-18.66	-2.82	-4.53
23800	4.86	xtal-bio	-0.21	11.89	1.03	-18.66	-2.82	-4.53
23800	2.53	bio-xtal	-0.21	11.89	1.03	-18.66	-2.82	-4.53
23800	92.61	same	-0.21	11.89	1.03	-18.66	-2.82	-4.53
23800	7.39	different	-0.21	11.89	1.03	-18.66	-2.82	-4.53
24000	45.12	xtal-xtal	-0.23	11.89	1.02	-18.66	-2.80	-4.52
24000	47.45	bio-bio	-0.23	11.89	1.02	-18.66	-2.80	-4.52
24000	4.88	xtal-bio	-0.23	11.89	1.02	-18.66	-2.80	-4.52
24000	2.55	bio-xtal	-0.23	11.89	1.02	-18.66	-2.80	-4.52
24000	92.58	same	-0.23	11.89	1.02	-18.66	-2.80	-4.52
24000	7.42	different	-0.23	11.89	1.02	-18.66	-2.80	-4.52
24200	45.10	xtal-xtal	-0.25	11.89	1.01	-18.66	-2.79	-4.50
24200	47.42	bio-bio	-0.25	11.89	1.01	-18.66	-2.79	-4.50
24200	4.90	xtal-bio	-0.25	11.89	1.01	-18.66	-2.79	-4.50
24200	2.58	bio-xtal	-0.25	11.89	1.01	-18.66	-2.79	-4.50
24200	92.52	same	-0.25	11.89	1.01	-18.66	-2.79	-4.50
24200	7.48	different	-0.25	11.89	1.01	-18.66	-2.79	-4.50
24400	45.05	xtal-xtal	-0.27	11.89	1.00	-18.66	-2.77	-4.49
24400	47.41	bio-bio	-0.27	11.89	1.00	-18.66	-2.77	-4.49
24400	4.95	xtal-bio	-0.27	11.89	1.00	-18.66	-2.77	-4.49
24400	2.59	bio-xtal	-0.27	11.89	1.00	-18.66	-2.77	-4.49
24400	92.46	same	-0.27	11.89	1.00	-18.66	-2.77	-4.49
24400	7.54	different	-0.27	11.89	1.00	-18.66	-2.77	-4.49
24600	45.02	xtal-xtal	-0.29	11.89	0.99	-18.66	-2.76	-4.47
24600	47.39	bio-bio	-0.29	11.89	0.99	-18.66	-2.76	-4.47
24600	4.98	xtal-bio	-0.29	11.89	0.99	-18.66	-2.76	-4.47
24600	2.61	bio-xtal	-0.29	11.89	0.99	-18.66	-2.76	-4.47
24600	92.41	same	-0.29	11.89	0.99	-18.66	-2.76	-4.47
24600	7.59	different	-0.29	11.89	0.99	-18.66	-2.76	-4.47
24800	44.98	xtal-xtal	-0.32	11.89	0.98	-18.66	-2.74	-4.46
24800	47.38	bio-bio	-0.32	11.89	0.98	-18.66	-2.74	-4.46
24800	5.02	xtal-bio	-0.32	11.89	0.98	-18.66	-2.74	-4.46
24800	2.62	bio-xtal	-0.32	11.89	0.98	-18.66	-2.74	-4.46
24800	92.36	same	-0.32	11.89	0.98	-18.66	-2.74	-4.46
24800	7.64	different	-0.32	11.89	0.98	-18.66	-2.74	-4.46
25000	44.95	xtal-xtal	-0.35	11.89	0.97	-18.66	-2.73	-4.45
25000	47.37	bio-bio	-0.35	11.89	0.97	-18.66	-2.73	-4.45
25000	5.05	xtal-bio	-0.35	11.89	0.97	-18.66	-2.73	-4.45
25000	2.63	bio-xtal	-0.35	11.89	0.97	-18.66	-2.73	-4.45
25000	92.32	same	-0.35	11.89	0.97	-18.66	-2.73	-4.45
25000	7.68	different	-0.35	11.89	0.97	-18.66	-2.73	-4.45
25200	44.90	xtal-xtal	-0.37	11.89	0.96	-18.66	-2.72	-4.43
25200	47.37	bio-bio	-0.37	11.89	0.96	-18.66	-2.72	-4.43
25200	5.10	xtal-bio	-0.37	11.89	0.96	-18.66	-2.72	-4.43
25200	2.63	bio-xtal	-0.37	11.89	0.96	-18.66	-2.72	-4.43
25200	92.27	same	-0.37	11.89	0.96	-18.66	-2.72	-4.43
25200	7.73	different	-0.37	11.89	0.96	-18.66	-2.72	-4.43
25400	44.83	xtal-xtal	-0.39	11.89	0.95	-18.66	-2.71	-4.42
25400	47.37	bio-bio	-0.39	11.89	0.95	-18.66	-2.71	-4.42
25400	5.17	xtal-bio	-0.39	11.89	0.95	-18.66	-2.71	-4.42
25400	2.63	bio-xtal	-0.39	11.89	0.95	-18.66	-2.71	-4.42
25400	92.21	same	-0.39	11.89	0.95	-18.66	-2.71	-4.42
25400	7.79	different	-0.39	11.89	0.95	-18.66	-2.71	-4.42
25600	44.77	xtal-xtal	-0.42	11.89	0.94	-18.66	-2.69	-4.41
25600	47.36	bio-bio	-0.42	11.89	0.94	-18.66	-2.69	-4.41
25600	5.23	xtal-bio	-0.42	11.89	0.94	-18.66	-2.69	-4.41
25600	2.64	bio-xtal	-0.42	11.89	0.94	-18.66	-2.69	-4.41
25600	92.13	same	-0.42	11.89	0.94	-18.66	-2.69	-4.41
25600	7.87	different	-0.42	11.89	0.94	-18.66	-2.69	-4.41
25800	44.71	xtal-xtal	-0.44	11.89	0.93	-18.66	-2.68	-4.39
25800	47.36	bio-bio	-0.44	11.89	0.93	-18.66	-2.68	-4.39
25800	5.29	xtal-bio	-0.44	11.89	0.93	-18.66	-2.68	-4.39
25800	2.64	bio-xtal	-0.44	11.89	0.93	-18.66	-2.68	-4.39
25800	92.06	same	-0.44	11.89	0.93	-18.66	-2.68	-4.39
25800	7.94	different	-0.44	11.89	0.93	-18.66	-2.68	-4.39
26000	44.65	xtal-xtal	-0.46	11.89	0.91	-18.66	-2.67	-4.38
26000	47.35	bio-bio	-0.46	11.89	0.91	-18.66	-2.67	-4.38
26000	5.35	xtal-bio	-0.46	11.89	0.91	-18.66	-2.67	-4.38
26000	2.65	bio-xtal	-0.46	11.89	0.91	-18.66	-2.67	-4.38
26000	92.00	same	-0.46	11.89	0.91	-18.66	-2.67	-4.38
26000	8.00	different	-0.46	11.89	0.91	-18.66	-2.67	-4.38
26200	44.58	xtal-xtal	-0.48	11.89	0.90	-18.66	-2.65	-4.37
26200	47.34	bio-bio	-0.48	11.89	0.90	-18.66	-2.65	-4.37
26200	5.42	xtal-bio	-0.48	11.89	0.90	-18.66	-2.65	-4.37
26200	2.66	bio-xtal	-0.48	11.89	0.90	-18.66	-2.65	-4.37
26200	91.92	same	-0.48	11.89	0.90	-18.66	-2.65	-4.37
26200	8.08	different	-0.48	11.89	0.90	-18.66	-2.65	-4.37
26400	44.51	xtal-xtal	-0.51	11.89	0.89	-18.66	-2.64	-4.35
26400	47.33	bio-bio	-0.51	11.89	0.89	-18.66	-2.64	-4.35
26400	5.49	xtal-bio	-0.51	11.89	0.89	-18.66	-2.64	-4.35
26400	2.67	bio-xtal	-0.51	11.89	0.89	-18.66	-2.64	-4.35
26400	91.84	same	-0.51	11.89	0.89	-18.66	-2.64	-4.35
26400	8.16	different	-0.51	11.89	0.89	-18.66	-2.64	-4.35
26600	44.43	xtal-xtal	-0.53	11.89	0.88	-18.66	-2.62	-4.34
26600	47.33	bio-bio	-0.53	11.89	0.88	-18.66	-2.62	-4.34
26600	5.57	xtal-bio	-0.53	11.89	0.88	-18.66	-2.62	-4.34
26600	2.67	bio-xtal	-0.53	11.89	0.88	-18.66	-2.62	-4.34
26600	91.76	same	-0.53	11.89	0.88	-18.66	-2.62	-4.34
26600	8.24	different	-0.53	11.89	0.88	-18.66	-2.62	-4.34
26800	44.33	xtal-xtal	-0.56	11.89	0.87	-18.66	-2.61	-4.33
26800	47.31	bio-bio	-0.56	11.89	0.87	-18.66	-2.61	-4.33
26800	5.67	xtal-bio	-0.56	11.89	0.87	-18.66	-2.61	-4.33
26800	2.69	bio-xtal	-0.56	11.89	0.87	-18.66	-2.61	-4.33
26800	91.64	same	-0.56	11.89	0.87	-18.66	-2.61	-4.33
26800	8.36	different	-0.56	11.89	0.87	-18.66	-2.61	-4.33
27000	44.27	xtal-xtal	-0.59	11.89	0.86	-18.66	-2.60	-4.31
27000	47.31	bio-bio	-0.59	11.89	0.86	-18.66	-2.60	-4.31
27000	5.73	xtal-bio	-0.59	11.89	0.86	-18.66	-2.60	-4.31
27000	2.69	bio-xtal	-0.59	11.89	0.86	-18.66	-2.60	-4.31
27000	91.57	same	-0.59	11.89	0.86	-18.66	-2.60	-4.31
27000	8.43	different	-0.59	11.89	0.86	-18.66	-2.60	-4.31
27200	44.19	xtal-xtal	-0.63	11.89	0.85	-18.66	-2.58	-4.30
27200	47.31	bio-bio	-0.63	11.89	0.85	-18.66	-2.58	-4.30
27200	5.81	xtal-bio	-0.63	11.89	0.85	-18.66	-2.58	-4.30
27200	2.69	bio-xtal	-0.63	11.89	0.85	-18.66	-2.58	-4.30
27200	91.49	same	-0.63	11.89	0.85	-18.66	-2.58	-4.30
27200	8.51	different	-0.63	11.89	0.85	-18.66	-2.58	-4.30
27400	44.11	xtal-xtal	-0.66	11.89	0.84	-18.66	-2.57	-4.29
27400	47.29	bio-bio	-0.66	11.89	0.84	-18.66	-2.57	-4.29
27400	5.89	xtal-bio	-0.66	11.89	0.84	-18.66	-2.57	-4.29
27400	2.71	bio-xtal	-0.66	11.89	0.84	-18.66	-2.57	-4.29
27400	91.40	same	-0.66	11.89	0.84	-18.66	-2.57	-4.29
27400	8.60	different	-0.66	11.89	0.84	-18.66	-2.57	-4.29
27600	44.05	xtal-xtal	-0.69	11.89	0.83	-18.66	-2.56	-4.28
27600	47.30	bio-bio	-0.69	11.89	0.83	-18.66	-2.56	-4.28
27600	5.95	xtal-bio	-0.69	11.89	0.83	-18.66	-2.56	-4.28
27600	2.70	bio-xtal	-0.69	11.89	0.83	-18.66	-2.56	-4.28
27600	91.34	same	-0.69	11.89	0.83	-18.66	-2.56	-4.28
27600	8.66	different	-0.69	11.89	0.83	-18.66	-2.56	-4.28
27800	43.95	xtal-xtal	-0.72	11.89	0.82	-18.66	-2.54	-4.26
27800	47.29	bio-bio	-0.72	11.89	0.82	-18.66	-2.54	-4.26
27800	6.05	xtal-bio	-0.72	11.89	0.82	-18.66	-2.54	-4.26
27800	2.71	bio-xtal	-0.72	11.89	0.82	-18.66	-2.54	-4.26
27800	91.24	same	-0.72	11.89	0.82	-18.66	-2.54	-4.26
27800	8.76	different	-0.72	11.89	0.82	-18.66	-2.54	-4.26
28000	43.86	xtal-xtal	-0.76	11.89	0.81	-18.66	-2.53	-4.25
28000	47.28	bio-bio	-0.76	11.89	0.81	-18.66	-2.53	-4.25
28000	6.14	xtal-bio	-0.76	11.89	0.81	-18.66	-2.53	-4.25
28000	2.72	bio-xtal	-0.76	11.89	0.81	-18.66	-2.53	-4.25
28000	91.14	same	-0.76	11.89	0.81	-18.66	-2.53	-4.25
28000	8.86	different	-0.76	11.89	0.81	-18.66	-2.53	-4.25
28200	43.78	xtal-xtal	-0.80	11.89	0.80	-18.66	-2.51	-4.24
28200	47.27	bio-bio	-0.80	11.89	0.80	-18.66	-2.51	-4.24
28200	6.22	xtal-bio	-0.80	11.89	0.80	-18.66	-2.51	-4.24
28200	2.73	bio-xtal	-0.80	11.89	0.80	-18.66	-2.51	-4.24
28200	91.05	same	-0.80	11.89	0.80	-18.66	-2.51	-4.24
28200	8.95	different	-0.80	11.89	0.80	-18.66	-2.51	-4.24
28400	43.73	xtal-xtal	-0.84	11.89	0.78	-18.66	-2.49	-4.23
28400	47.26	bio-bio	-0.84	11.89	0.78	-18.66	-2.49	-4.23
28400	6.27	xtal-bio	-0.84	11.89	0.78	-18.66	-2.49	-4.23
28400	2.74	bio-xtal	-0.84	11.89	0.78	-18.66	-2.49	-4.23
28400	91.00	same	-0.84	11.89	0.78	-18.66	-2.49	-4.23
28400	9.00	different	-0.84	11.89	0.78	-18.66	-2.49	-4.23
28600	43.68	xtal-xtal	-0.89	11.89	0.77	-18.66	-2.48	-4.21
28600	47.26	bio-bio	-0.89	11.89	0.77	-18.66	-2.48	-4.21
28600	6.32	xtal-bio	-0.89	11.89	0.77	-18.66	-2.48	-4.21
28600	2.74	bio-xtal	-0.89	11.89	0.77	-18.66	-2.48	-4.21
28600	90.94	same	-0.89	11.89	0.77	-18.66	-2.48	-4.21
28600	9.06	different	-0.89	11.89	0.77	-18.66	-2.48	-4.21
28800	43.58	xtal-xtal	-0.93	11.89	0.76	-18.66	-2.46	-4.20
28800	47.24	bio-bio	-0.93	11.89	0.76	-18.66	-2.46	-4.20
28800	6.42	xtal-bio	-0.93	11.89	0.76	-18.66	-2.46	-4.20
28800	2.76	bio-xtal	-0.93	11.89	0.76	-18.66	-2.46	-4.20
28800	90.82	same	-0.93	11.89	0.76	-18.66	-2.46	-4.20
28800	9.18	different	-0.93	11.89	0.76	-18.66	-2.46	-4.20
29000	43.52	xtal-xtal	-0.97	11.89	0.75	-18.66	-2.44	-4.19
29000	47.22	bio-bio	-0.97	11.89	0.75	-18.66	-2.44	-4.19
29000	6.48	xtal-bio	-0.97	11.89	0.75	-18.66	-2.44	-4.19
29000	2.78	bio-xtal	-0.97	11.89	0.75	-18.66	-2.44	-4.19
29000	90.74	same	-0.97	11.89	0.75	-18.66	-2.44	-4.19
29000	9.26	different	-0.97	11.89	0.75	-18.66	-2.44	-4.19
29200	43.32	xtal-xtal	-1.02	11.89	0.74	-18.66	-2.43	-4.18
29200	47.35	bio-bio	-1.02	11.89	0.74	-18.66	-2.43	-4.18
29200	6.51	xtal-bio	-1.02	11.89	0.74	-18.66	-2.43	-4.18
29200	2.82	bio-xtal	-1.02	11.89	0.74	-18.66	-2.43	-4.18
29200	90.67	same	-1.02	11.89	0.74	-18.66	-2.43	-4.18
29200	9.33	different	-1.02	11.89	0.74	-18.66	-2.43	-4.18
29400	43.03	xtal-xtal	-1.07	11.89	0.73	-18.66	-2.42	-4.17
29400	47.60	bio-bio	-1.07	11.89	0.73	-18.66	-2.42	-4.17
29400	6.46	xtal-bio	-1.07	11.89	0.73	-18.66	-2.42	-4.17
29400	2.91	bio-xtal	-1.07	11.89	0.73	-18.66	-2.42	-4.17
29400	90.62	same	-1.07	11.89	0.73	-18.66	-2.42	-4.17
29400	9.38	different	-1.07	11.89	0.73	-18.66	-2.42	-4.17
29600	42.74	xtal-xtal	-1.12	11.89	0.71	-18.66	-2.40	-4.15
29600	47.86	bio-bio	-1.12	11.89	0.71	-18.66	-2.40	-4.15
29600	6.42	xtal-bio	-1.12	11.89	0.71	-18.66	-2.40	-4.15
29600	2.98	bio-xtal	-1.12	11.89	0.71	-18.66	-2.40	-4.15
29600	90.60	same	-1.12	11.89	0.71	-18.66	-2.40	-4.15
29600	9.40	different	-1.12	11.89	0.71	-18.66	-2.40	-4.15
29800	42.45	xtal-xtal	-1.16	11.89	0.70	-18.66	-2.39	-4.14
29800	48.10	bio-bio	-1.16	11.89	0.70	-18.66	-2.39	-4.14
29800	6.38	xtal-bio	-1.16	11.89	0.70	-18.66	-2.39	-4.14
29800	3.07	bio-xtal	-1.16	11.89	0.70	-18.66	-2.39	-4.14
29800	90.55	same	-1.16	11.89	0.70	-18.66	-2.39	-4.14
29800	9.45	different	-1.16	11.89	0.70	-18.66	-2.39	-4.14
30000	42.17	xtal-xtal	-1.20	11.89	0.69	-18.66	-2.37	-4.13
30000	48.34	bio-bio	-1.20	11.89	0.69	-18.66	-2.37	-4.13
30000	6.33	xtal-bio	-1.20	11.89	0.69	-18.66	-2.37	-4.13
30000	3.16	bio-xtal	-1.20	11.89	0.69	-18.66	-2.37	-4.13
30000	90.50	same	-1.20	11.89	0.69	-18.66	-2.37	-4.13
30000	9.50	different	-1.20	11.89	0.69	-18.66	-2.37	-4.13
30200	41.89	xtal-xtal	-1.23	11.89	0.68	-18.66	-2.35	-4.12
30200	48.58	bio-bio	-1.23	11.89	0.68	-18.66	-2.35	-4.12
30200	6.29	xtal-bio	-1.23	11.89	0.68	-18.66	-2.35	-4.12
30200	3.24	bio-xtal	-1.23	11.89	0.68	-18.66	-2.35	-4.12
30200	90.47	same	-1.23	11.89	0.68	-18.66	-2.35	-4.12
30200	9.53	different	-1.23	11.89	0.68	-18.66	-2.35	-4.12
30400	41.61	xtal-xtal	-1.26	11.89	0.66	-18.66	-2.34	-4.11
30400	48.84	bio-bio	-1.26	11.89	0.66	-18.66	-2.34	-4.11
30400	6.25	xtal-bio	-1.26	11.89	0.66	-18.66	-2.34	-4.11
30400	3.30	bio-xtal	-1.26	11.89	0.66	-18.66	-2.34	-4.11
30400	90.45	same	-1.26	11.89	0.66	-18.66	-2.34	-4.11
30400	9.55	different	-1.26	11.89	0.66	-18.66	-2.34	-4.11
30600	41.34	xtal-xtal	-1.30	11.89	0.65	-18.66	-2.32	-4.10
30600	49.07	bio-bio	-1.30	11.89	0.65	-18.66	-2.32	-4.10
30600	6.21	xtal-bio	-1.30	11.89	0.65	-18.66	-2.32	-4.10
30600	3.38	bio-xtal	-1.30	11.89	0.65	-18.66	-2.32	-4.10
30600	90.41	same	-1.30	11.89	0.65	-18.66	-2.32	-4.10
30600	9.59	different	-1.30	11.89	0.65	-18.66	-2.32	-4.10
30800	41.07	xtal-xtal	-1.32	11.89	0.64	-18.66	-2.31	-4.08
30800	49.33	bio-bio	-1.32	11.89	0.64	-18.66	-2.31	-4.08
30800	6.17	xtal-bio	-1.32	11.89	0.64	-18.66	-2.31	-4.08
30800	3.43	bio-xtal	-1.32	11.89	0.64	-18.66	-2.31	-4.08
30800	90.40	same	-1.32	11.89	0.64	-18.66	-2.31	-4.08
30800	9.60	different	-1.32	11.89	0.64	-18.66	-2.31	-4.08
31000	40.81	xtal-xtal	-1.35	11.89	0.62	-18.66	-2.30	-4.07
31000	49.58	bio-bio	-1.35	11.89	0.62	-18.66	-2.30	-4.07
31000	6.13	xtal-bio	-1.35	11.89	0.62	-18.66	-2.30	-4.07
31000	3.48	bio-xtal	-1.35	11.89	0.62	-18.66	-2.30	-4.07
31000	90.39	same	-1.35	11.89	0.62	-18.66	-2.30	-4.07
31000	9.61	different	-1.35	11.89	0.62	-18.66	-2.30	-4.07
31200	40.54	xtal-xtal	-1.38	11.89	0.61	-18.66	-2.28	-4.06
31200	49.82	bio-bio	-1.38	11.89	0.61	-18.66	-2.28	-4.06
31200	6.09	xtal-bio	-1.38	11.89	0.61	-18.66	-2.28	-4.06
31200	3.54	bio-xtal	-1.38	11.89	0.61	-18.66	-2.28	-4.06
31200	90.37	same	-1.38	11.89	0.61	-18.66	-2.28	-4.06
31200	9.63	different	-1.38	11.89	0.61	-18.66	-2.28	-4.06
31400	40.29	xtal-xtal	-1.40	11.89	0.60	-18.66	-2.27	-4.05
31400	50.05	bio-bio	-1.40	11.89	0.60	-18.66	-2.27	-4.05
31400	6.05	xtal-bio	-1.40	11.89	0.60	-18.66	-2.27	-4.05
31400	3.61	bio-xtal	-1.40	11.89	0.60	-18.66	-2.27	-4.05
31400	90.33	same	-1.40	11.89	0.60	-18.66	-2.27	-4.05
31400	9.67	different	-1.40	11.89	0.60	-18.66	-2.27	-4.05
31600	40.03	xtal-xtal	-1.43	11.89	0.59	-18.66	-2.25	-4.04
31600	50.29	bio-bio	-1.43	11.89	0.59	-18.66	-2.25	-4.04
31600	6.01	xtal-bio	-1.43	11.89	0.59	-18.66	-2.25	-4.04
31600	3.66	bio-xtal	-1.43	11.89	0.59	-18.66	-2.25	-4.04
31600	90.32	same	-1.43	11.89	0.59	-18.66	-2.25	-4.04
31600	9.68	different	-1.43	11.89	0.59	-18.66	-2.25	-4.04
31800	39.78	xtal-xtal	-1.45	11.89	0.57	-18.66	-2.23	-4.03
31800	50.51	bio-bio	-1.45	11.89	0.57	-18.66	-2.23	-4.03
31800	5.97	xtal-bio	-1.45	11.89	0.57	-18.66	-2.23	-4.03
31800	3.74	bio-xtal	-1.45	11.89	0.57	-18.66	-2.23	-4.03
31800	90.29	same	-1.45	11.89	0.57	-18.66	-2.23	-4.03
31800	9.71	different	-1.45	11.89	0.57	-18.66	-2.23	-4.03
32000	39.53	xtal-xtal	-1.48	11.89	0.56	-18.66	-2.22	-4.02
32000	50.76	bio-bio	-1.48	11.89	0.56	-18.66	-2.22	-4.02
32000	5.94	xtal-bio	-1.48	11.89	0.56	-18.66	-2.22	-4.02
32000	3.77	bio-xtal	-1.48	11.89	0.56	-18.66	-2.22	-4.02
32000	90.29	same	-1.48	11.89	0.56	-18.66	-2.22	-4.02
32000	9.71	different	-1.48	11.89	0.56	-18.66	-2.22	-4.02
32200	39.29	xtal-xtal	-1.50	11.89	0.55	-18.66	-2.20	-4.00
32200	51.00	bio-bio	-1.50	11.89	0.55	-18.66	-2.20	-4.00
32200	5.90	xtal-bio	-1.50	11.89	0.55	-18.66	-2.20	-4.00
32200	3.81	bio-xtal	-1.50	11.89	0.55	-18.66	-2.20	-4.00
32200	90.29	same	-1.50	11.89	0.55	-18.66	-2.20	-4.00
32200	9.71	different	-1.50	11.89	0.55	-18.66	-2.20	-4.00
32400	39.04	xtal-xtal	-1.53	11.89	0.54	-18.66	-2.18	-3.99
32400	51.24	bio-bio	-1.53	11.89	0.54	-18.66	-2.18	-3.99
32400	5.86	xtal-bio	-1.53	11.89	0.54	-18.66	-2.18	-3.99
32400	3.85	bio-xtal	-1.53	11.89	0.54	-18.66	-2.18	-3.99
32400	90.28	same	-1.53	11.89	0.54	-18.66	-2.18	-3.99
32400	9.72	different	-1.53	11.89	0.54	-18.66	-2.18	-3.99
32600	38.80	xtal-xtal	-1.55	11.89	0.52	-18.66	-2.17	-3.98
32600	51.48	bio-bio	-1.55	11.89	0.52	-18.66	-2.17	-3.98
32600	5.83	xtal-bio	-1.55	11.89	0.52	-18.66	-2.17	-3.98
32600	3.89	bio-xtal	-1.55	11.89	0.52	-18.66	-2.17	-3.98
32600	90.29	same	-1.55	11.89	0.52	-18.66	-2.17	-3.98
32600	9.71	different	-1.55	11.89	0.52	-18.66	-2.17	-3.98
32800	38.57	xtal-xtal	-1.58	11.89	0.51	-18.66	-2.15	-3.97
32800	51.72	bio-bio	-1.58	11.89	0.51	-18.66	-2.15	-3.97
32800	5.79	xtal-bio	-1.58	11.89	0.51	-18.66	-2.15	-3.97
32800	3.92	bio-xtal	-1.58	11.89	0.51	-18.66	-2.15	-3.97
32800	90.28	same	-1.58	11.89	0.51	-18.66	-2.15	-3.97
32800	9.72	different	-1.58	11.89	0.51	-18.66	-2.15	-3.97
33000	38.33	xtal-xtal	-1.60	11.89	0.50	-18.66	-2.13	-3.96
33000	51.91	bio-bio	-1.60	11.89	0.50	-18.66	-2.13	-3.96
33000	5.76	xtal-bio	-1.60	11.89	0.50	-18.66	-2.13	-3.96
33000	4.00	bio-xtal	-1.60	11.89	0.50	-18.66	-2.13	-3.96
33000	90.25	same	-1.60	11.89	0.50	-18.66	-2.13	-3.96
33000	9.75	different	-1.60	11.89	0.50	-18.66	-2.13	-3.96
33200	38.10	xtal-xtal	-1.63	11.89	0.48	-18.66	-2.11	-3.95
33200	52.13	bio-bio	-1.63	11.89	0.48	-18.66	-2.11	-3.95
33200	5.72	xtal-bio	-1.63	11.89	0.48	-18.66	-2.11	-3.95
33200	4.05	bio-xtal	-1.63	11.89	0.48	-18.66	-2.11	-3.95
33200	90.23	same	-1.63	11.89	0.48	-18.66	-2.11	-3.95
33200	9.77	different	-1.63	11.89	0.48	-18.66	-2.11	-3.95
33400	37.87	xtal-xtal	-1.65	11.89	0.47	-18.66	-2.09	-3.94
33400	52.37	bio-bio	-1.65	11.89	0.47	-18.66	-2.09	-3.94
33400	5.69	xtal-bio	-1.65	11.89	0.47	-18.66	-2.09	-3.94
33400	4.07	bio-xtal	-1.65	11.89	0.47	-18.66	-2.09	-3.94
33400	90.24	same	-1.65	11.89	0.47	-18.66	-2.09	-3.94
33400	9.76	different	-1.65	11.89	0.47	-18.66	-2.09	-3.94
33600	37.65	xtal-xtal	-1.67	11.89	0.46	-18.66	-2.08	-3.93
33600	52.59	bio-bio	-1.67	11.89	0.46	-18.66	-2.08	-3.93
33600	5.65	xtal-bio	-1.67	11.89	0.46	-18.66	-2.08	-3.93
33600	4.11	bio-xtal	-1.67	11.89	0.46	-18.66	-2.08	-3.93
33600	90.24	same	-1.67	11.89	0.46	-18.66	-2.08	-3.93
33600	9.76	different	-1.67	11.89	0.46	-18.66	-2.08	-3.93
33800	37.43	xtal-xtal	-1.70	11.89	0.45	-18.66	-2.06	-3.92
33800	52.81	bio-bio	-1.70	11.89	0.45	-18.66	-2.06	-3.92
33800	5.62	xtal-bio	-1.70	11.89	0.45	-18.66	-2.06	-3.92
33800	4.14	bio-xtal	-1.70	11.89	0.45	-18.66	-2.06	-3.92
33800	90.24	same	-1.70	11.89	0.45	-18.66	-2.06	-3.92
33800	9.76	different	-1.70	11.89	0.45	-18.66	-2.06	-3.92
34000	37.21	xtal-xtal	-1.72	11.89	0.43	-18.66	-2.04	-3.91
34000	53.02	bio-bio	-1.72	11.89	0.43	-18.66	-2.04	-3.91
34000	5.59	xtal-bio	-1.72	11.89	0.43	-18.66	-2.04	-3.91
34000	4.19	bio-xtal	-1.72	11.89	0.43	-18.66	-2.04	-3.91
34000	90.23	same	-1.72	11.89	0.43	-18.66	-2.04	-3.91
34000	9.77	different	-1.72	11.89	0.43	-18.66	-2.04	-3.91
34200	36.99	xtal-xtal	-1.74	11.89	0.42	-18.66	-2.02	-3.89
34200	53.22	bio-bio	-1.74	11.89	0.42	-18.66	-2.02	-3.89
34200	5.56	xtal-bio	-1.74	11.89	0.42	-18.66	-2.02	-3.89
34200	4.24	bio-xtal	-1.74	11.89	0.42	-18.66	-2.02	-3.89
34200	90.21	same	-1.74	11.89	0.42	-18.66	-2.02	-3.89
34200	9.79	different	-1.74	11.89	0.42	-18.66	-2.02	-3.89
34400	36.77	xtal-xtal	-1.77	11.89	0.41	-18.66	-2.00	-3.88
34400	53.42	bio-bio	-1.77	11.89	0.41	-18.66	-2.00	-3.88
34400	5.52	xtal-bio	-1.77	11.89	0.41	-18.66	-2.00	-3.88
34400	4.28	bio-xtal	-1.77	11.89	0.41	-18.66	-2.00	-3.88
34400	90.19	same	-1.77	11.89	0.41	-18.66	-2.00	-3.88
34400	9.81	different	-1.77	11.89	0.41	-18.66	-2.00	-3.88
34600	36.56	xtal-xtal	-1.78	11.89	0.40	-18.66	-1.98	-3.87
34600	53.64	bio-bio	-1.78	11.89	0.40	-18.66	-1.98	-3.87
34600	5.49	xtal-bio	-1.78	11.89	0.40	-18.66	-1.98	-3.87
34600	4.30	bio-xtal	-1.78	11.89	0.40	-18.66	-1.98	-3.87
34600	90.21	same	-1.78	11.89	0.40	-18.66	-1.98	-3.87
34600	9.79	different	-1.78	11.89	0.40	-18.66	-1.98	-3.87
34800	36.35	xtal-xtal	-1.80	11.89	0.38	-18.66	-1.96	-3.86
34800	53.86	bio-bio	-1.80	11.89	0.38	-18.66	-1.96	-3.86
34800	5.46	xtal-bio	-1.80	11.89	0.38	-18.66	-1.96	-3.86
34800	4.33	bio-xtal	-1.80	11.89	0.38	-18.66	-1.96	-3.86
34800	90.21	same	-1.80	11.89	0.38	-18.66	-1.96	-3.86
34800	9.79	different	-1.80	11.89	0.38	-18.66	-1.96	-3.86
35000	36.14	xtal-xtal	-1.82	11.89	0.37	-18.66	-1.95	-3.85
35000	54.06	bio-bio	-1.82	11.89	0.37	-18.66	-1.95	-3.85
35000	5.43	xtal-bio	-1.82	11.89	0.37	-18.66	-1.95	-3.85
35000	4.37	bio-xtal	-1.82	11.89	0.37	-18.66	-1.95	-3.85
35000	90.20	same	-1.82	11.89	0.37	-18.66	-1.95	-3.85
35000	9.80	different	-1.82	11.89	0.37	-18.66	-1.95	-3.85
35200	35.94	xtal-xtal	-1.84	11.89	0.36	-18.66	-1.92	-3.84
35200	54.29	bio-bio	-1.84	11.89	0.36	-18.66	-1.92	-3.84
35200	5.40	xtal-bio	-1.84	11.89	0.36	-18.66	-1.92	-3.84
35200	4.38	bio-xtal	-1.84	11.89	0.36	-18.66	-1.92	-3.84
35200	90.23	same	-1.84	11.89	0.36	-18.66	-1.92	-3.84
35200	9.77	different	-1.84	11.89	0.36	-18.66	-1.92	-3.84
35400	35.73	xtal-xtal	-1.86	11.89	0.35	-18.66	-1.90	-3.83
35400	54.50	bio-bio	-1.86	11.89	0.35	-18.66	-1.90	-3.83
35400	5.37	xtal-bio	-1.86	11.89	0.35	-18.66	-1.90	-3.83
35400	4.40	bio-xtal	-1.86	11.89	0.35	-18.66	-1.90	-3.83
35400	90.24	same	-1.86	11.89	0.35	-18.66	-1.90	-3.83
35400	9.76	different	-1.86	11.89	0.35	-18.66	-1.90	-3.83
35600	35.53	xtal-xtal	-1.87	11.89	0.33	-18.66	-1.88	-3.82
35600	54.70	bio-bio	-1.87	11.89	0.33	-18.66	-1.88	-3.82
35600	5.34	xtal-bio	-1.87	11.89	0.33	-18.66	-1.88	-3.82
35600	4.43	bio-xtal	-1.87	11.89	0.33	-18.66	-1.88	-3.82
35600	90.23	same	-1.87	11.89	0.33	-18.66	-1.88	-3.82
35600	9.77	different	-1.87	11.89	0.33	-18.66	-1.88	-3.82
